b1x;b1y;b4x;b4y
-0.164;-0.02;-0.222;-0.049
-0.093;-0.09;-0.232;-0.081
-0.09;-0.115;-0.232;-0.11
-0.127;-0.024;-0.239;0.027
-0.261;-0.056;-0.2;-0.137
-0.183;-0.115;-0.176;-0.12
-0.161;-0.085;-0.195;-0.227
-0.266;-0.088;-0.139;-0.244
-0.244;-0.125;-0.103;-0.088
-0.271;-0.205;-0.056;-0.173
-0.295;-0.354;-0.105;-0.283
-0.344;-0.222;-0.208;-0.061
-0.256;-0.112;-0.195;-0.02
-0.19;-0.095;-0.073;-0.166
-0.005;0.029;-0.012;-0.244
0.09;-0.234;0.078;-0.215
-0.105;-0.229;-0.164;-0.208
-0.2;-0.239;-0.259;-0.076
-0.156;-0.115;-0.066;-0.046
0.002;-0.095;0.088;-0.273
-0.005;-0.081;-0.034;-0.068
-0.142;0.02;-0.129;-0.066
-0.117;-0.139;0.012;-0.044
-0.159;-0.029;-0.383;-0.21
-0.127;-0.081;-0.269;0.098
-0.093;-0.098;-0.188;-0.449
-0.234;-0.037;0.278;-0.176
-0.222;-0.205;-0.078;-0.33
-0.222;-0.227;-0.127;0.068
-0.281;-0.21;-0.339;0.015
-0.276;-0.107;-0.144;0.037
-0.188;0.039;-0.22;-0.205
-0.081;-0.083;0.068;-0.015
-0.117;-0.056;-0.039;-0.391
-0.146;-0.173;-0.239;-0.093
-0.115;-0.125;-0.376;0.171
-0.042;-0.176;-0.276;-0.364
-0.063;-0.11;-0.081;-0.225
-0.039;-0.046;0.134;-0.32
-0.044;-0.042;0.093;-0.215
-0.095;-0.039;-0.298;-0.007
-0.105;-0.166;-0.339;0.261
-0.054;-0.288;-0.181;-0.073
-0.071;0.081;-0.093;-0.061
-0.161;-0.154;-0.193;-0.178
-0.254;-0.232;-0.21;-0.154
-0.2;-0.371;-0.21;-0.088
-0.374;-0.103;-0.142;-0.176
-0.32;-0.115;-0.164;-0.32
-0.156;-0.107;-0.156;-0.09
0.081;-0.403;0.137;-0.146
-0.017;-0.178;0.076;-0.249
-0.312;-0.229;-0.234;-0.178
-0.312;-0.015;-0.127;0.007
-0.002;-0.166;-0.073;-0.046
-0.066;-0.354;-0.039;-0.173
-0.112;-0.488;-0.242;-0.291
0.007;-0.186;-0.173;-0.068
-0.132;-0.183;-0.029;-0.19
-0.225;-0.161;-0.01;-0.134
-0.081;-0.093;-0.059;-0.159
-0.044;-0.066;-0.037;-0.286
-0.068;0.085;0.007;-0.029
-0.142;-0.186;-0.215;-0.029
0.027;-0.237;-0.115;-0.085
-0.1;-0.122;-0.088;-0.176
-0.349;0.049;-0.059;-0.12
-0.195;0.034;-0.093;-0.034
-0.188;-0.178;-0.107;-0.02
-0.176;-0.063;-0.088;-0.144
-0.32;-0.178;-0.137;-0.093
-0.247;-0.117;0.029;-0.076
-0.149;-0.327;-0.188;-0.225
-0.21;-0.144;-0.244;-0.112
-0.178;0.0;-0.278;-0.183
0.059;0.11;0.063;-0.259
0.122;-0.093;0.007;-0.12
0.076;-0.151;-0.203;0.024
-0.056;-0.098;-0.349;-0.044
-0.051;0.054;-0.295;-0.002
-0.164;-0.027;-0.168;-0.237
-0.232;-0.076;-0.098;-0.188
-0.188;-0.012;-0.063;0.017
-0.156;0.056;-0.21;-0.11
-0.21;-0.051;-0.198;-0.151
-0.059;-0.217;-0.156;-0.103
-0.095;-0.059;-0.032;-0.171
-0.137;-0.032;0.027;-0.117
-0.266;0.139;-0.083;-0.01
-0.107;0.007;-0.142;-0.007
0.032;-0.059;-0.161;-0.083
-0.066;-0.103;-0.071;-0.129
-0.188;-0.073;-0.085;-0.117
-0.044;-0.259;-0.181;-0.103
0.049;-0.298;-0.188;-0.171
0.039;-0.068;-0.134;-0.171
-0.203;-0.173;-0.022;-0.205
-0.203;-0.078;-0.095;-0.076
0.002;-0.073;-0.225;-0.117
0.046;-0.103;-0.208;-0.103
-0.1;-0.059;-0.059;-0.149
-0.32;-0.178;0.012;-0.125
-0.361;0.032;-0.078;-0.122
-0.317;-0.002;-0.193;-0.049
-0.2;-0.127;-0.181;-0.051
-0.029;-0.293;-0.071;-0.076
-0.171;-0.042;0.027;-0.154
-0.293;-0.12;-0.027;-0.146
-0.212;-0.068;-0.193;-0.151
-0.171;-0.186;-0.122;-0.115
-0.315;-0.085;-0.071;-0.132
-0.205;-0.195;-0.012;-0.164
-0.127;-0.327;-0.093;-0.149
-0.098;-0.405;-0.056;-0.168
-0.081;-0.198;-0.032;-0.164
-0.049;-0.12;-0.066;-0.029
-0.059;-0.09;-0.164;0.002
-0.071;-0.066;-0.09;-0.044
-0.146;0.063;-0.078;-0.203
-0.144;-0.002;-0.042;-0.173
-0.012;-0.073;-0.034;-0.129
-0.081;-0.137;-0.164;-0.017
-0.161;-0.076;-0.183;-0.054
-0.254;-0.02;-0.159;-0.039
-0.19;-0.149;-0.09;-0.154
-0.156;-0.098;0.002;-0.076
-0.232;-0.249;-0.039;-0.017
-0.159;-0.193;-0.02;-0.117
-0.354;-0.002;-0.1;-0.161
-0.254;-0.046;-0.144;-0.168
0.093;-0.271;-0.085;-0.068
0.122;-0.31;-0.054;-0.012
-0.144;-0.225;-0.142;-0.222
-0.193;-0.12;-0.046;-0.144
0.039;-0.193;-0.061;-0.161
0.073;-0.144;-0.078;-0.125
-0.1;-0.156;-0.181;-0.127
-0.151;-0.105;-0.176;0.0
-0.117;-0.237;-0.168;-0.137
-0.015;-0.19;-0.117;-0.015
-0.032;-0.117;-0.237;-0.107
-0.059;-0.029;-0.217;-0.12
-0.127;-0.105;-0.181;-0.195
-0.278;-0.093;-0.103;-0.259
-0.305;-0.156;-0.105;-0.168
-0.137;-0.168;-0.095;-0.183
-0.046;-0.107;-0.198;-0.125
-0.198;-0.061;-0.122;-0.095
-0.352;-0.093;-0.044;-0.068
-0.344;-0.237;-0.063;-0.12
-0.276;-0.12;-0.11;-0.186
-0.164;-0.281;-0.012;-0.076
-0.037;-0.312;-0.071;-0.103
-0.046;-0.19;-0.132;-0.059
-0.063;-0.068;-0.215;-0.132
0.0;-0.012;-0.105;-0.151
0.142;-0.261;-0.073;-0.095
0.046;-0.166;-0.071;-0.122
0.042;-0.078;-0.11;-0.005
-0.039;-0.085;-0.168;-0.027
-0.132;-0.254;-0.225;-0.137
-0.159;-0.125;-0.103;-0.132
-0.215;-0.198;-0.039;-0.12
-0.156;-0.017;-0.12;-0.125
-0.105;-0.024;-0.159;-0.088
-0.146;-0.076;-0.107;-0.161
-0.149;-0.015;0.037;-0.188
-0.073;-0.085;0.007;-0.183
-0.098;-0.254;-0.088;-0.239
-0.103;-0.315;-0.115;-0.205
-0.098;-0.273;-0.078;-0.022
-0.171;-0.188;-0.061;-0.071
-0.215;-0.127;-0.129;-0.034
-0.146;0.022;-0.142;-0.107
-0.095;-0.166;-0.093;-0.242
-0.098;-0.171;-0.068;-0.159
-0.137;-0.012;-0.081;-0.132
-0.176;-0.032;-0.203;-0.212
0.105;-0.244;-0.198;-0.11
0.11;-0.1;-0.234;-0.146
-0.059;-0.149;-0.083;-0.212
-0.173;-0.066;-0.129;-0.085
-0.151;-0.186;-0.178;-0.11
-0.09;-0.1;-0.151;-0.051
-0.088;0.085;-0.085;-0.066
-0.042;-0.034;-0.085;-0.176
-0.073;-0.017;-0.022;-0.227
-0.186;-0.247;-0.068;-0.139
-0.234;-0.02;-0.154;-0.139
-0.151;-0.156;-0.117;-0.056
-0.02;-0.173;-0.081;-0.19
0.098;-0.132;0.063;-0.222
-0.078;-0.088;-0.01;-0.225
-0.237;-0.156;-0.076;-0.061
-0.088;-0.21;-0.159;-0.139
0.103;-0.154;-0.073;-0.081
-0.029;-0.134;-0.051;-0.244
-0.061;-0.1;0.007;-0.132
-0.137;-0.049;-0.127;-0.046
-0.161;-0.193;-0.227;0.015
-0.073;-0.229;-0.156;-0.11
0.046;-0.166;-0.044;-0.159
-0.117;-0.173;-0.015;-0.205
-0.227;-0.044;-0.083;0.056
-0.203;-0.002;-0.19;-0.034
-0.061;-0.044;-0.107;-0.1
-0.071;-0.059;-0.049;-0.081
-0.166;-0.049;-0.051;-0.083
-0.12;-0.105;-0.122;0.007
-0.083;0.034;-0.146;0.024
-0.237;-0.164;-0.122;-0.107
-0.315;-0.095;-0.015;-0.071
-0.112;-0.19;-0.081;-0.11
0.095;-0.137;-0.078;-0.186
-0.012;-0.139;-0.142;-0.154
-0.21;-0.146;-0.09;-0.171
-0.078;-0.107;-0.034;-0.19
-0.059;-0.139;-0.063;-0.159
-0.164;-0.076;-0.195;-0.1
-0.215;0.112;-0.151;-0.1
-0.127;0.015;-0.146;-0.154
-0.005;-0.137;-0.149;-0.078
-0.044;-0.225;-0.188;-0.059
0.049;-0.139;-0.166;-0.01
-0.02;0.002;-0.176;-0.129
-0.168;-0.061;-0.063;-0.164
-0.151;-0.164;-0.063;-0.208
-0.015;-0.156;-0.125;-0.181
-0.103;-0.112;-0.122;-0.002
-0.295;-0.085;-0.115;-0.107
-0.178;-0.22;-0.022;-0.137
0.095;-0.21;-0.034;-0.193
-0.059;-0.259;-0.107;-0.098
-0.288;0.005;-0.188;-0.022
-0.132;-0.037;-0.198;-0.007
0.037;-0.264;-0.095;-0.161
-0.032;-0.322;0.039;-0.261
-0.193;-0.183;-0.022;-0.205
-0.144;-0.093;-0.176;-0.107
-0.146;0.042;-0.242;-0.125
-0.059;-0.088;-0.09;-0.125
-0.076;-0.063;-0.024;-0.122
-0.063;-0.105;-0.088;-0.042
-0.105;-0.132;-0.173;-0.01
-0.12;-0.198;-0.198;-0.037
-0.007;-0.276;-0.146;-0.073
-0.112;-0.183;-0.095;-0.083
-0.22;0.125;-0.144;-0.161
-0.203;-0.1;-0.134;-0.122
-0.078;-0.159;-0.203;-0.151
-0.171;-0.156;-0.134;-0.056
-0.203;-0.088;-0.078;-0.078
-0.066;-0.327;-0.107;-0.149
0.029;-0.237;-0.173;-0.125
-0.156;-0.073;-0.176;0.005
-0.305;-0.042;-0.09;-0.063
-0.107;-0.173;-0.049;-0.051
0.0;-0.176;-0.129;-0.139
-0.156;-0.347;-0.098;-0.105
-0.156;-0.173;-0.178;-0.088
-0.068;-0.232;-0.098;-0.132
-0.278;-0.142;-0.183;-0.173
-0.344;0.054;-0.146;-0.166
-0.176;0.051;-0.164;-0.176
-0.032;-0.061;-0.076;-0.22
-0.017;-0.12;-0.11;-0.166
0.02;-0.039;-0.151;-0.1
0.063;-0.137;-0.12;-0.093
-0.286;-0.139;-0.129;-0.122
-0.376;-0.22;-0.127;-0.127
-0.156;-0.259;-0.156;-0.061
0.02;-0.183;-0.129;-0.022
-0.046;-0.007;-0.1;-0.12
-0.125;-0.146;-0.127;-0.095
-0.195;-0.085;-0.11;-0.107
-0.212;-0.029;-0.122;-0.078
-0.159;-0.212;-0.1;-0.063
0.0;-0.22;-0.132;-0.168
-0.161;-0.166;-0.085;-0.151
-0.291;-0.051;-0.117;-0.073
-0.168;-0.183;-0.142;-0.149
-0.09;-0.129;-0.125;-0.142
-0.027;-0.151;-0.083;-0.103
-0.034;-0.068;-0.081;-0.178
0.046;-0.178;-0.071;-0.081
-0.012;-0.085;-0.12;-0.088
-0.112;0.049;-0.095;-0.217
-0.103;-0.066;-0.083;-0.156
-0.022;-0.105;-0.105;-0.115
0.034;-0.166;-0.049;-0.117
-0.105;0.027;-0.188;-0.122
-0.266;-0.139;-0.112;-0.129
-0.195;-0.098;-0.044;-0.129
-0.059;-0.034;-0.059;-0.088
-0.093;-0.012;-0.083;-0.042
0.017;-0.149;-0.076;-0.046
-0.171;-0.369;-0.09;-0.073
-0.088;-0.234;-0.093;-0.042
0.0;-0.127;-0.093;-0.061
-0.051;-0.107;-0.088;-0.171
-0.078;-0.132;-0.122;-0.188
-0.029;-0.002;-0.208;-0.117
-0.215;-0.103;-0.127;-0.073
-0.195;-0.156;-0.129;-0.034
-0.066;-0.237;-0.156;-0.063
-0.029;-0.259;-0.071;-0.078
-0.081;-0.229;-0.063;-0.098
-0.1;0.078;-0.156;-0.044
-0.088;0.005;-0.161;-0.09
-0.144;-0.103;-0.139;-0.127
-0.171;-0.247;-0.095;-0.208
-0.156;-0.195;-0.098;-0.164
-0.354;-0.061;-0.078;-0.115
-0.283;-0.068;-0.117;-0.129
-0.081;-0.066;-0.105;-0.205
-0.02;-0.098;-0.051;-0.09
-0.037;-0.105;-0.088;-0.127
-0.095;-0.33;-0.146;-0.186
-0.081;-0.3;-0.181;-0.132
-0.2;-0.103;-0.156;-0.059
-0.2;-0.095;-0.098;-0.11
-0.017;-0.105;-0.039;-0.186
0.022;-0.156;-0.098;-0.21
-0.061;-0.068;-0.132;-0.134
-0.156;-0.171;-0.198;-0.083
-0.024;-0.107;-0.149;-0.125
-0.107;-0.063;-0.115;-0.173
-0.315;-0.168;-0.117;-0.085
-0.198;-0.249;-0.142;-0.095
-0.107;-0.176;-0.129;-0.129
-0.178;-0.002;-0.129;-0.112
-0.107;0.066;-0.112;-0.063
0.054;-0.112;-0.164;-0.032
-0.037;0.061;-0.134;-0.083
-0.156;0.156;-0.127;-0.061
-0.261;-0.171;-0.139;-0.081
-0.129;-0.137;-0.156;-0.027
-0.056;-0.122;-0.149;-0.073
0.022;-0.076;-0.178;-0.1
-0.063;-0.322;-0.154;-0.061
-0.249;-0.322;-0.146;0.039
-0.278;-0.229;-0.22;0.002
-0.081;-0.312;-0.181;-0.137
0.005;-0.293;-0.168;-0.142
-0.146;-0.151;-0.117;-0.134
-0.244;-0.022;-0.146;-0.176
-0.222;0.063;-0.132;-0.156
-0.239;0.051;-0.117;-0.21
-0.271;-0.085;-0.081;-0.127
-0.195;-0.142;-0.093;-0.159
-0.142;-0.073;-0.066;-0.217
-0.244;-0.139;-0.129;-0.129
-0.144;-0.283;-0.151;-0.149
-0.083;-0.19;-0.083;-0.076
-0.146;-0.076;-0.122;-0.051
-0.386;-0.039;-0.134;-0.098
-0.242;-0.02;-0.161;-0.134
-0.146;-0.3;-0.203;-0.215
0.029;-0.237;-0.005;-0.227
-0.081;-0.127;-0.093;-0.195
-0.181;-0.112;-0.146;-0.139
-0.186;-0.19;-0.195;-0.061
-0.076;-0.034;-0.142;-0.076
-0.208;-0.071;-0.129;-0.12
-0.254;-0.2;-0.129;-0.1
-0.259;-0.273;-0.22;-0.046
-0.168;-0.078;-0.249;-0.164
-0.154;-0.183;-0.11;-0.12
-0.186;-0.159;-0.125;-0.132
-0.098;-0.11;-0.103;-0.107
-0.034;0.046;-0.112;-0.266
-0.183;-0.142;-0.129;-0.095
-0.261;-0.142;-0.181;0.007
-0.183;-0.051;-0.088;-0.022
-0.322;-0.007;-0.105;-0.139
-0.12;-0.017;-0.054;-0.032
0.051;-0.068;-0.115;-0.059
-0.129;-0.007;-0.071;-0.054
-0.295;-0.173;-0.122;-0.081
-0.291;-0.183;-0.122;-0.156
0.032;-0.261;-0.115;-0.151
0.059;-0.264;-0.142;-0.129
-0.078;-0.125;-0.115;-0.181
-0.183;-0.081;-0.164;-0.103
-0.227;-0.034;-0.168;-0.081
-0.259;-0.173;-0.142;-0.127
-0.161;0.007;-0.122;-0.146
-0.066;-0.046;-0.125;-0.088
-0.103;0.002;-0.12;-0.081
-0.198;-0.273;-0.186;-0.095
-0.242;-0.146;-0.176;-0.093
-0.212;-0.129;-0.105;-0.066
-0.078;-0.049;-0.051;-0.105
-0.051;-0.081;-0.12;-0.076
-0.193;-0.146;-0.168;-0.061
-0.161;-0.186;-0.203;-0.132
-0.198;-0.156;-0.098;-0.212
-0.222;-0.061;-0.122;-0.215
-0.098;-0.093;-0.154;-0.159
-0.12;-0.046;-0.142;-0.115
-0.237;-0.01;-0.176;-0.081
-0.188;-0.061;-0.154;-0.1
-0.01;-0.181;-0.168;-0.159
0.11;-0.225;-0.139;-0.144
-0.103;0.073;-0.168;-0.076
-0.261;0.098;-0.176;-0.085
-0.269;0.063;-0.222;-0.01
-0.083;-0.239;-0.168;-0.076
-0.083;0.012;-0.098;-0.073
-0.298;0.002;-0.076;-0.037
-0.32;-0.017;-0.146;-0.107
-0.239;-0.071;-0.078;-0.078
-0.264;-0.039;-0.095;-0.122
-0.21;0.007;-0.061;-0.122
-0.024;-0.063;-0.139;-0.076
-0.024;-0.093;-0.139;-0.022
-0.254;-0.007;-0.186;-0.017
-0.247;-0.022;-0.117;-0.144
-0.039;-0.151;-0.129;-0.12
0.002;-0.237;-0.127;-0.081
-0.044;-0.107;-0.156;-0.081
-0.129;-0.168;-0.076;-0.076
0.029;-0.1;-0.078;-0.142
-0.054;-0.203;-0.098;-0.112
-0.156;-0.254;-0.183;-0.039
-0.139;-0.117;-0.161;-0.066
-0.176;-0.061;-0.139;-0.132
-0.234;-0.161;-0.076;-0.178
-0.046;0.01;-0.112;-0.122
-0.105;-0.264;-0.115;-0.198
-0.234;-0.305;-0.164;-0.112
-0.22;-0.19;-0.203;-0.161
-0.142;0.054;-0.059;-0.149
-0.042;-0.154;-0.081;-0.168
-0.017;-0.12;-0.11;-0.02
-0.066;-0.098;-0.183;-0.154
-0.171;0.098;-0.181;-0.11
-0.208;-0.144;-0.222;-0.237
0.051;-0.254;-0.137;-0.095
-0.024;-0.356;-0.198;-0.088
-0.161;-0.142;-0.156;-0.063
-0.139;-0.056;-0.225;-0.059
-0.112;-0.12;-0.144;-0.063
-0.068;-0.205;-0.049;-0.125
-0.054;-0.125;-0.078;-0.117
-0.19;-0.078;-0.21;-0.176
-0.234;-0.132;-0.198;-0.024
-0.083;-0.1;-0.134;-0.09
-0.09;-0.078;-0.01;-0.173
-0.237;0.01;-0.078;-0.159
-0.32;0.09;-0.024;-0.085
-0.173;-0.137;-0.088;-0.073
0.037;-0.232;-0.056;-0.088
0.09;-0.005;-0.044;-0.078
-0.154;-0.007;-0.037;-0.156
-0.122;-0.049;-0.076;-0.039
0.024;-0.166;-0.083;-0.083
-0.085;-0.227;-0.046;-0.107
-0.183;-0.046;-0.068;-0.078
-0.137;-0.085;-0.085;-0.112
-0.073;-0.054;-0.139;-0.107
0.032;-0.269;-0.154;-0.073
-0.056;-0.105;-0.146;-0.066
-0.217;-0.022;-0.103;-0.122
-0.222;-0.076;-0.107;-0.176
-0.112;-0.156;-0.105;-0.071
0.022;-0.02;-0.176;-0.039
-0.129;0.02;-0.103;-0.071
-0.288;-0.063;-0.134;-0.164
-0.222;-0.022;-0.078;-0.125
-0.11;0.066;-0.159;-0.066
-0.105;-0.115;-0.239;-0.007
-0.266;-0.298;-0.154;0.002
-0.369;-0.195;-0.122;-0.103
-0.212;-0.168;-0.09;-0.117
-0.085;-0.291;-0.139;-0.115
-0.076;-0.146;-0.149;-0.178
-0.137;-0.132;-0.105;-0.21
-0.132;-0.054;-0.115;-0.154
-0.178;-0.071;-0.22;-0.073
-0.032;-0.232;-0.154;-0.063
-0.002;-0.315;-0.129;-0.11
0.002;-0.137;-0.144;-0.134
-0.1;-0.308;-0.134;-0.017
-0.232;0.017;-0.159;0.0
-0.452;-0.027;-0.134;-0.071
-0.188;0.093;-0.107;-0.044
0.059;-0.2;-0.129;-0.037
0.054;-0.203;-0.173;-0.068
-0.156;-0.02;-0.085;-0.093
-0.205;-0.007;0.01;-0.225
-0.291;-0.2;0.022;-0.171
-0.09;-0.269;-0.059;-0.088
-0.046;-0.076;-0.176;-0.063
-0.056;-0.181;-0.063;-0.134
-0.227;-0.002;-0.061;-0.134
-0.188;-0.137;-0.076;-0.112
-0.088;-0.237;-0.115;-0.063
0.085;-0.454;-0.161;-0.068
0.0;-0.117;-0.168;-0.132
-0.105;-0.115;-0.022;-0.222
-0.11;-0.125;-0.02;-0.142
-0.261;-0.151;-0.134;-0.164
-0.271;-0.19;-0.159;-0.164
-0.042;-0.039;-0.2;-0.042
0.068;-0.049;-0.112;-0.027
-0.181;0.027;-0.156;-0.051
-0.366;-0.156;-0.173;-0.078
-0.352;-0.061;-0.12;-0.054
-0.21;-0.142;-0.066;-0.11
-0.112;-0.078;-0.083;-0.156
-0.02;-0.132;-0.042;-0.19
-0.081;-0.09;-0.034;-0.173
-0.269;0.076;-0.059;-0.132
-0.295;0.02;-0.144;-0.095
-0.002;-0.129;-0.154;-0.093
0.056;-0.2;-0.095;-0.122
-0.193;-0.181;-0.049;-0.081
-0.208;0.027;-0.059;-0.022
-0.017;-0.132;-0.149;-0.078
0.117;-0.122;-0.144;0.015
0.005;-0.166;-0.11;-0.034
-0.054;-0.085;-0.117;-0.034
-0.134;-0.132;-0.22;-0.095
-0.164;-0.039;-0.164;-0.088
-0.193;0.042;-0.112;-0.09
-0.139;-0.103;-0.144;-0.034
-0.137;-0.015;-0.188;-0.044
-0.164;-0.054;-0.151;-0.063
-0.237;-0.085;-0.11;-0.107
-0.151;-0.066;-0.054;-0.1
-0.056;0.02;-0.154;-0.103
-0.063;-0.083;-0.137;-0.146
0.015;-0.242;-0.115;-0.142
-0.146;-0.156;-0.051;-0.164
-0.322;-0.242;-0.037;-0.2
-0.076;-0.142;-0.007;-0.146
0.061;-0.11;-0.125;-0.144
-0.134;-0.125;-0.12;-0.068
-0.212;-0.012;-0.088;-0.12
-0.164;-0.142;0.007;-0.09
0.022;-0.193;-0.015;-0.073
0.02;-0.2;-0.068;-0.071
0.083;-0.122;-0.112;-0.029
-0.005;-0.237;-0.142;-0.098
-0.115;0.0;-0.088;-0.105
-0.339;-0.176;-0.056;-0.115
-0.356;-0.183;-0.037;-0.132
-0.146;-0.173;-0.129;-0.115
-0.117;-0.09;-0.144;-0.195
-0.161;-0.261;-0.049;-0.21
0.032;-0.22;0.007;-0.183
-0.19;-0.244;0.017;-0.154
-0.31;0.027;-0.085;-0.117
-0.181;0.002;-0.112;-0.159
-0.027;-0.251;-0.02;-0.107
-0.081;-0.227;0.029;-0.146
-0.249;-0.042;-0.083;-0.142
-0.164;-0.178;-0.149;-0.078
0.042;-0.322;-0.159;-0.046
-0.066;-0.139;-0.156;-0.078
-0.161;0.024;-0.149;-0.12
-0.105;0.061;-0.156;-0.068
-0.012;-0.09;-0.125;-0.127
0.112;-0.132;-0.156;-0.146
0.168;-0.154;-0.156;-0.12
-0.005;-0.132;-0.164;-0.1
-0.244;-0.161;-0.142;-0.083
-0.195;-0.166;-0.171;-0.081
-0.261;-0.034;-0.127;-0.051
-0.217;-0.034;-0.088;-0.042
-0.232;0.022;-0.044;-0.083
-0.085;-0.068;-0.071;-0.12
-0.134;-0.005;-0.146;-0.156
-0.171;-0.002;-0.142;-0.078
-0.085;-0.037;-0.137;-0.007
-0.103;-0.137;-0.056;-0.068
-0.11;-0.203;-0.078;-0.139
-0.12;-0.181;-0.09;-0.112
-0.042;-0.159;-0.164;-0.11
-0.005;-0.034;-0.144;-0.146
-0.149;-0.198;-0.095;-0.122
-0.188;0.012;-0.073;-0.168
-0.085;-0.132;-0.046;-0.125
-0.12;-0.127;-0.137;-0.103
-0.186;-0.039;-0.159;-0.1
-0.242;-0.144;-0.154;-0.142
-0.21;-0.215;-0.066;-0.161
-0.203;-0.129;-0.105;-0.217
-0.186;-0.159;-0.073;-0.12
-0.173;-0.032;-0.132;-0.103
-0.095;0.007;-0.093;-0.105
-0.1;-0.071;-0.051;-0.166
-0.117;0.061;0.034;-0.203
-0.134;0.105;0.046;-0.188
-0.024;-0.056;-0.103;-0.125
-0.076;-0.19;-0.137;-0.1
0.005;-0.044;-0.051;-0.071
-0.144;-0.286;-0.034;-0.159
-0.095;-0.049;-0.059;-0.156
-0.129;-0.066;-0.151;-0.063
-0.115;-0.334;-0.186;-0.042
0.095;-0.266;-0.168;-0.139
0.039;-0.076;-0.134;-0.156
-0.054;-0.012;-0.132;-0.078
0.071;-0.273;-0.139;-0.032
0.005;-0.1;-0.208;-0.02
-0.31;-0.137;-0.186;-0.098
-0.393;0.005;-0.115;-0.105
-0.186;-0.354;-0.032;-0.115
-0.149;-0.212;-0.073;-0.137
-0.239;-0.039;-0.12;-0.154
-0.281;0.112;-0.164;-0.188
-0.232;-0.195;-0.142;-0.149
-0.095;-0.198;-0.051;-0.115
-0.115;-0.1;-0.063;-0.171
-0.12;-0.156;-0.046;-0.093
-0.095;-0.232;-0.142;-0.095
-0.076;-0.154;-0.103;-0.2
-0.1;-0.073;-0.117;-0.21
-0.09;0.01;-0.046;-0.215
-0.142;-0.105;-0.112;-0.271
0.059;-0.151;-0.171;-0.203
0.02;-0.161;-0.168;-0.156
-0.027;-0.159;-0.171;-0.076
-0.09;-0.132;-0.083;-0.071
-0.181;0.007;-0.1;-0.129
-0.237;-0.12;-0.1;-0.117
-0.156;-0.085;-0.181;-0.19
-0.186;-0.071;-0.117;-0.146
-0.193;0.017;-0.117;-0.093
-0.193;-0.029;-0.095;-0.09
-0.151;-0.09;-0.034;-0.1
-0.083;-0.054;-0.098;-0.176
-0.049;0.007;-0.127;-0.066
-0.125;-0.105;-0.125;-0.029
-0.059;-0.217;-0.034;-0.012
-0.071;-0.085;-0.085;-0.283
-0.037;-0.115;0.0;-0.178
-0.173;-0.1;-0.095;-0.107
-0.154;-0.061;-0.081;0.051
-0.156;-0.237;-0.234;0.01
-0.09;-0.271;-0.222;-0.034
-0.032;-0.161;-0.122;-0.168
0.044;-0.022;-0.044;-0.103
-0.078;-0.015;-0.166;-0.059
-0.178;-0.049;-0.237;-0.198
-0.308;-0.212;-0.193;-0.12
-0.146;-0.247;-0.02;0.154
-0.076;-0.195;0.042;-0.144
-0.217;-0.256;-0.12;-0.22
-0.264;-0.183;-0.21;-0.076
-0.259;-0.127;-0.205;-0.005
-0.352;0.012;-0.161;-0.015
-0.164;-0.139;-0.017;-0.093
0.044;-0.256;0.051;-0.088
-0.107;-0.232;0.022;-0.261
-0.286;-0.303;-0.1;-0.298
-0.261;-0.339;-0.12;-0.195
-0.007;-0.142;-0.161;-0.134
0.09;-0.186;-0.049;-0.217
0.166;-0.107;-0.005;-0.093
0.051;-0.142;-0.076;-0.212
-0.12;-0.161;-0.107;-0.129
-0.09;-0.159;-0.112;0.0
-0.015;-0.09;-0.139;-0.107
-0.303;-0.032;-0.039;-0.127
-0.205;-0.151;-0.051;-0.056
-0.21;-0.308;-0.081;0.0
0.044;-0.249;-0.154;-0.09
-0.256;0.005;-0.132;-0.144
-0.227;0.066;-0.049;-0.176
-0.037;0.022;-0.02;-0.259
0.063;0.068;-0.039;-0.164
-0.134;-0.015;-0.19;-0.186
-0.266;-0.022;-0.181;-0.054
-0.288;-0.186;-0.081;-0.115
-0.159;-0.4;-0.005;-0.039
-0.059;-0.198;-0.112;-0.139
0.051;-0.032;-0.125;-0.054
-0.044;-0.139;-0.156;-0.117
-0.139;-0.171;-0.1;-0.081
-0.139;-0.024;-0.085;-0.181
-0.129;-0.063;-0.068;-0.054
-0.2;-0.015;-0.115;-0.103
-0.168;-0.034;-0.195;-0.117
-0.115;-0.171;-0.161;-0.11
0.051;-0.088;-0.156;-0.098
-0.249;0.017;-0.127;-0.042
-0.215;0.029;-0.208;-0.012
-0.022;0.122;-0.22;-0.061
-0.078;0.012;-0.049;-0.171
-0.344;-0.215;-0.042;-0.269
-0.344;-0.066;-0.088;-0.098
-0.215;-0.032;-0.242;-0.229
-0.276;-0.242;-0.283;-0.232
-0.085;-0.098;-0.195;-0.327
-0.161;-0.046;-0.049;-0.173
-0.212;-0.073;-0.01;-0.2
-0.12;-0.056;-0.117;-0.015
-0.161;-0.295;-0.281;-0.198
-0.017;-0.298;-0.161;-0.032
-0.059;-0.142;-0.105;-0.137
-0.071;-0.334;-0.088;-0.171
-0.105;-0.159;-0.168;-0.229
-0.188;-0.134;-0.137;-0.107
-0.308;0.017;-0.203;-0.063
-0.103;0.037;-0.105;0.002
-0.034;-0.078;-0.125;-0.076
-0.071;-0.256;-0.083;-0.11
-0.068;-0.103;-0.085;-0.171
-0.405;-0.137;-0.034;-0.137
-0.4;-0.137;-0.09;-0.088
-0.283;-0.068;-0.129;-0.095
0.154;-0.261;-0.083;-0.054
-0.068;-0.125;-0.095;-0.063
-0.413;-0.144;-0.085;-0.071
-0.188;0.024;-0.061;-0.002
0.095;-0.176;-0.081;-0.208
0.146;-0.237;-0.005;-0.176
-0.11;-0.056;-0.051;-0.112
-0.217;-0.286;-0.059;-0.056
-0.386;-0.334;-0.198;-0.117
0.015;-0.193;-0.186;-0.034
-0.002;-0.173;-0.139;-0.176
0.002;-0.088;0.012;-0.027
0.1;-0.115;-0.198;-0.193
-0.012;-0.024;-0.156;-0.156
-0.288;-0.159;-0.237;0.071
-0.322;-0.093;-0.164;-0.066
-0.125;-0.22;-0.015;-0.168
-0.256;-0.112;-0.083;-0.161
-0.33;-0.171;-0.193;-0.244
-0.295;0.203;-0.083;-0.144
-0.383;-0.051;-0.142;-0.095
-0.173;-0.151;-0.212;-0.283
-0.051;-0.286;-0.1;-0.146
-0.017;-0.198;-0.027;-0.181
-0.378;-0.225;-0.017;-0.217
-0.352;-0.173;-0.208;-0.068
-0.103;-0.254;-0.181;-0.139
0.154;-0.193;-0.154;-0.137
0.034;0.1;-0.132;-0.264
-0.073;-0.051;-0.161;-0.278
-0.029;-0.161;-0.164;-0.229
0.1;-0.154;-0.166;-0.095
-0.044;-0.225;-0.259;-0.107
0.032;-0.166;-0.168;-0.078
-0.093;-0.229;-0.137;-0.168
-0.103;-0.051;-0.122;-0.225
-0.176;-0.234;-0.137;-0.166
-0.293;0.015;-0.188;-0.098
-0.173;-0.173;-0.134;-0.176
0.044;0.007;-0.015;-0.183
-0.034;-0.19;-0.093;-0.146
-0.251;-0.127;-0.166;-0.151
-0.405;0.107;-0.244;-0.02
-0.225;-0.076;-0.122;-0.188
-0.078;-0.408;-0.002;-0.247
0.107;-0.327;-0.066;-0.208
-0.149;-0.015;-0.151;-0.01
-0.33;0.032;-0.291;-0.044
-0.085;-0.125;-0.232;-0.093
0.017;-0.088;-0.046;-0.168
-0.046;-0.061;0.022;-0.193
-0.203;-0.232;-0.1;0.017
-0.002;-0.259;-0.249;-0.02
0.029;-0.237;-0.227;-0.063
-0.195;-0.269;-0.022;-0.083
-0.415;-0.054;-0.042;-0.125
-0.41;-0.195;-0.146;-0.159
-0.156;-0.042;-0.11;0.273
-0.063;-0.039;-0.374;-0.283
-0.107;0.076;-0.044;-0.256
-0.176;0.1;-0.142;-0.281
-0.166;-0.037;0.195;-0.122
-0.1;-0.039;-0.125;-0.2
-0.02;-0.051;-0.02;-0.027
-0.115;-0.105;-0.244;-0.427
-0.173;-0.095;0.007;-0.076
0.015;-0.242;-0.232;-0.293
0.015;-0.325;-0.029;-0.137
0.1;-0.22;-0.085;-0.183
-0.071;-0.178;-0.022;-0.183
0.015;-0.125;-0.291;-0.061
0.005;-0.142;-0.176;-0.11
0.088;0.098;-0.156;-0.376
-0.015;0.054;0.11;0.002
-0.107;-0.042;-0.149;0.193
-0.132;-0.081;-0.117;-0.225
-0.159;-0.254;-0.034;-0.042
-0.332;-0.039;-0.247;0.063
-0.278;0.173;-0.269;-0.347
-0.144;0.173;-0.051;-0.134
-0.054;-0.107;-0.266;-0.144
-0.02;0.051;-0.063;-0.408
0.032;-0.09;0.2;0.081
-0.156;-0.017;-0.015;-0.142
-0.222;-0.396;-0.151;-0.127
-0.244;-0.049;-0.107;-0.01
-0.315;-0.271;-0.083;-0.21
-0.266;-0.09;-0.137;-0.278
-0.002;-0.371;-0.193;0.0
0.037;-0.09;-0.22;-0.125
-0.054;-0.156;-0.188;-0.164
-0.134;0.002;-0.015;-0.044
-0.232;-0.156;0.012;-0.356
-0.251;-0.051;-0.078;-0.11
-0.227;-0.095;-0.327;-0.012
-0.2;-0.2;-0.178;-0.244
-0.237;-0.107;-0.164;-0.037
-0.095;-0.002;-0.144;-0.215
-0.164;0.017;-0.171;-0.413
-0.303;-0.002;-0.024;-0.247
-0.2;0.022;-0.142;-0.044
-0.137;-0.046;-0.022;-0.227
-0.127;-0.078;0.029;-0.071
0.0;-0.195;-0.149;-0.288
0.042;-0.181;-0.127;-0.1
-0.154;-0.044;-0.156;-0.088
-0.198;-0.085;-0.051;-0.105
-0.017;-0.166;-0.188;-0.029
0.046;-0.269;-0.161;0.032
-0.156;-0.378;-0.093;-0.112
-0.112;-0.342;-0.071;-0.154
-0.081;-0.095;-0.09;-0.303
-0.125;-0.144;-0.007;-0.21
-0.017;-0.205;-0.142;-0.046
0.015;-0.034;-0.134;-0.103
-0.117;-0.066;-0.103;-0.1
-0.159;0.022;-0.01;-0.032
-0.044;-0.156;-0.215;-0.249
-0.146;-0.071;-0.081;-0.43
-0.332;-0.012;-0.005;-0.129
-0.352;0.01;-0.259;-0.244
-0.193;-0.198;-0.205;-0.034
0.168;-0.144;-0.122;0.02
0.044;-0.085;0.071;0.049
-0.017;0.044;0.09;-0.037
-0.063;-0.081;0.081;0.093
-0.078;-0.132;-0.259;-0.261
-0.105;-0.291;-0.144;-0.129
0.002;-0.325;-0.251;-0.002
0.073;-0.249;-0.012;-0.063
-0.134;-0.188;-0.034;-0.059
-0.181;-0.198;-0.193;-0.154
-0.225;-0.208;-0.347;0.046
-0.198;0.01;-0.317;0.002
-0.261;-0.068;0.002;-0.032
-0.149;-0.156;-0.039;-0.337
-0.049;-0.12;-0.061;-0.261
-0.198;0.0;-0.249;-0.225
-0.105;0.105;-0.112;-0.066
-0.117;-0.01;-0.232;-0.22
-0.105;-0.085;-0.078;-0.173
-0.12;-0.042;-0.005;-0.156
-0.156;-0.149;-0.071;-0.088
-0.161;-0.256;-0.2;-0.098
-0.21;-0.188;-0.193;0.017
-0.088;-0.3;-0.195;-0.217
0.027;-0.107;-0.085;-0.237
0.081;-0.156;-0.117;-0.088
0.017;-0.059;-0.156;-0.215
0.02;-0.181;-0.081;-0.281
0.037;-0.103;-0.115;-0.076
0.029;-0.051;-0.232;-0.183
-0.076;-0.127;-0.129;-0.112
-0.186;-0.259;-0.208;-0.093
-0.244;-0.2;-0.159;-0.081
-0.337;0.083;-0.132;-0.159
-0.229;-0.042;-0.01;-0.195
-0.093;-0.085;-0.105;-0.12
-0.066;0.073;-0.083;-0.164
-0.364;0.164;-0.027;-0.2
-0.276;0.034;-0.01;-0.269
-0.225;-0.081;-0.105;-0.193
-0.088;-0.173;-0.188;-0.073
-0.159;-0.125;-0.146;0.051
-0.188;-0.078;-0.1;-0.071
-0.127;-0.186;-0.076;-0.144
-0.09;-0.154;-0.059;-0.098
-0.088;-0.344;-0.178;0.061
-0.168;-0.225;-0.193;-0.063
-0.11;-0.247;-0.059;-0.093
-0.098;-0.146;-0.051;-0.132
-0.032;-0.125;0.063;-0.083
-0.042;-0.176;-0.156;-0.222
-0.068;-0.105;-0.178;-0.156
-0.034;-0.093;-0.164;-0.181
-0.205;-0.247;-0.017;-0.117
-0.176;-0.144;0.054;-0.112
-0.254;0.049;-0.02;-0.027
-0.198;-0.01;-0.049;0.027
-0.171;0.022;-0.088;-0.02
-0.066;-0.039;-0.056;-0.071
-0.093;-0.046;-0.181;-0.081
-0.139;-0.061;-0.186;-0.117
-0.085;0.056;-0.156;-0.21
-0.042;-0.024;-0.076;-0.247
-0.066;-0.039;-0.049;-0.295
-0.063;-0.232;0.012;-0.176
0.042;-0.298;-0.042;-0.21
0.029;-0.305;-0.134;-0.164
-0.002;-0.134;-0.181;-0.176
-0.078;-0.261;-0.051;-0.132
-0.21;-0.125;-0.103;-0.132
-0.11;-0.164;-0.178;-0.198
-0.12;-0.229;-0.217;-0.005
0.051;-0.051;-0.168;-0.09
-0.063;-0.1;-0.176;-0.073
-0.156;0.022;-0.208;-0.071
-0.273;-0.083;-0.247;-0.11
-0.168;-0.032;-0.056;-0.017
-0.137;-0.078;-0.127;-0.115
-0.129;-0.068;-0.105;-0.107
-0.01;-0.112;-0.144;-0.156
-0.034;-0.195;-0.059;-0.09
-0.159;-0.122;-0.051;-0.166
-0.195;-0.078;-0.081;-0.046
-0.107;-0.125;-0.02;-0.122
-0.002;-0.21;-0.007;-0.059
-0.132;-0.107;-0.054;0.037
-0.1;-0.203;-0.21;-0.01
-0.117;-0.159;-0.142;-0.01
-0.078;-0.227;-0.12;-0.134
-0.11;-0.134;0.007;-0.193
-0.1;-0.22;-0.1;-0.151
-0.083;-0.002;-0.215;-0.081
-0.037;0.068;-0.12;-0.161
-0.024;-0.083;-0.059;-0.078
-0.183;-0.12;-0.073;-0.142
-0.142;0.027;-0.212;-0.081
-0.317;0.034;-0.247;-0.034
-0.383;-0.132;-0.166;0.039
-0.266;0.01;-0.151;-0.054
-0.151;-0.132;-0.105;-0.049
-0.242;-0.242;-0.076;-0.046
-0.039;-0.195;-0.071;-0.144
0.0;-0.117;-0.066;-0.261
-0.132;-0.247;-0.059;-0.208
-0.029;-0.149;-0.178;-0.19
-0.071;-0.151;-0.132;-0.188
0.029;-0.264;-0.229;-0.129
0.151;-0.32;-0.085;-0.09
-0.02;-0.354;-0.139;-0.11
-0.205;-0.134;-0.144;-0.11
-0.227;-0.134;-0.193;-0.154
-0.227;-0.266;-0.171;-0.142
-0.051;-0.139;-0.088;-0.21
-0.137;-0.007;-0.122;-0.173
-0.107;-0.066;-0.098;-0.178
-0.002;-0.105;-0.198;-0.195
-0.239;-0.024;-0.144;-0.142
-0.266;-0.034;-0.227;-0.098
-0.173;-0.288;-0.139;-0.117
-0.039;-0.269;-0.056;0.076
-0.203;-0.269;-0.171;-0.105
-0.369;-0.129;-0.159;-0.015
-0.156;-0.325;-0.227;-0.056
-0.068;-0.254;-0.01;-0.225
-0.049;-0.166;-0.056;-0.452
-0.139;-0.195;-0.005;-0.215
-0.076;-0.212;-0.176;-0.181
0.066;-0.027;-0.142;-0.059
0.115;0.02;-0.095;-0.139
0.103;-0.059;-0.015;0.007
-0.242;-0.142;-0.132;-0.146
-0.364;-0.161;-0.159;0.112
-0.129;-0.242;-0.327;0.037
0.159;-0.081;-0.19;-0.156
-0.046;-0.01;0.068;-0.061
-0.188;-0.078;-0.032;-0.1
-0.31;-0.188;-0.159;-0.215
-0.239;-0.107;-0.276;-0.068
-0.132;-0.078;-0.078;-0.166
-0.193;-0.286;0.098;-0.168
-0.217;-0.168;0.029;-0.105
-0.256;-0.046;-0.027;-0.251
-0.176;-0.186;-0.063;-0.027
-0.103;-0.193;-0.076;-0.017
-0.088;-0.188;-0.107;0.068
0.046;-0.183;-0.139;-0.044
0.2;-0.122;-0.098;-0.083
-0.005;0.032;-0.122;-0.176
-0.188;0.107;-0.127;-0.259
-0.11;-0.039;-0.173;-0.256
0.076;-0.244;-0.103;-0.232
0.164;-0.166;-0.078;-0.256
-0.144;-0.051;-0.085;-0.181
-0.222;-0.103;-0.093;-0.115
-0.171;-0.149;-0.156;-0.049
-0.022;-0.078;-0.234;-0.105
-0.129;-0.09;-0.056;-0.105
-0.095;-0.09;-0.137;-0.115
-0.271;-0.356;-0.149;-0.027
-0.171;-0.237;-0.254;-0.034
-0.122;-0.112;-0.22;-0.056
-0.039;-0.107;-0.139;-0.339
-0.107;-0.12;0.042;-0.247
-0.078;-0.093;0.063;-0.132
-0.122;-0.02;-0.127;-0.066
-0.171;-0.181;-0.205;-0.032
-0.039;-0.21;-0.161;0.029
0.034;-0.225;-0.081;-0.115
0.012;-0.12;-0.132;-0.022
-0.034;0.146;-0.229;-0.012
-0.132;-0.037;-0.217;-0.01
-0.032;-0.139;-0.212;-0.049
-0.076;-0.298;-0.105;-0.071
-0.151;-0.149;-0.105;-0.12
-0.317;0.068;-0.098;-0.073
-0.337;-0.027;-0.173;-0.02
-0.088;-0.044;-0.1;-0.005
-0.015;-0.059;-0.085;-0.076
-0.017;-0.139;-0.027;-0.039
-0.186;-0.349;-0.173;0.039
-0.234;-0.161;-0.205;0.01
-0.31;0.1;-0.142;0.0
-0.161;0.002;-0.034;-0.125
-0.139;-0.142;0.017;-0.151
-0.068;-0.137;-0.059;-0.061
-0.022;-0.269;-0.085;-0.151
-0.022;-0.269;-0.027;-0.166
-0.071;-0.078;0.012;-0.308
-0.1;-0.027;0.017;-0.195
-0.195;-0.227;-0.112;-0.19
-0.049;-0.33;-0.117;-0.107
-0.046;-0.276;-0.156;-0.137
-0.117;-0.146;-0.098;-0.21
0.015;-0.149;-0.19;-0.117
0.195;-0.2;-0.2;-0.068
-0.022;-0.078;-0.217;-0.093
-0.205;0.051;-0.063;-0.137
-0.259;-0.139;-0.002;-0.205
-0.171;-0.232;0.02;-0.173
-0.149;-0.085;-0.112;-0.083
-0.032;-0.078;-0.181;-0.085
-0.076;-0.12;-0.164;-0.085
-0.264;-0.249;-0.105;-0.234
-0.215;-0.281;-0.027;-0.181
-0.164;-0.312;-0.1;-0.095
-0.088;-0.11;-0.083;-0.042
-0.11;-0.085;-0.154;-0.103
-0.059;-0.071;-0.112;-0.144
0.002;-0.007;-0.178;-0.081
-0.078;-0.012;-0.205;-0.007
-0.2;-0.212;-0.242;-0.066
-0.247;-0.122;-0.232;-0.063
-0.212;-0.034;-0.203;-0.244
-0.256;-0.039;-0.139;-0.176
-0.01;-0.088;-0.076;-0.078
-0.012;-0.022;-0.088;-0.005
-0.291;0.068;-0.117;-0.051
-0.4;-0.022;-0.063;0.0
-0.198;-0.002;-0.005;-0.088
-0.286;-0.222;-0.081;-0.063
-0.371;-0.129;-0.151;0.002
-0.222;-0.1;-0.061;-0.117
-0.171;-0.164;-0.005;-0.11
-0.269;-0.339;-0.002;-0.146
-0.203;-0.007;-0.103;-0.168
-0.139;-0.107;-0.061;-0.076
-0.105;-0.254;-0.083;-0.1
-0.103;-0.339;-0.046;-0.142
-0.088;-0.327;-0.059;-0.149
0.054;-0.308;-0.054;-0.088
0.122;-0.293;-0.137;-0.117
0.032;-0.071;-0.12;-0.127
-0.042;0.042;-0.103;-0.183
-0.19;-0.012;-0.073;-0.161
-0.063;-0.186;-0.015;-0.208
-0.173;0.032;-0.144;-0.178
-0.352;0.093;-0.2;-0.144
-0.312;-0.039;-0.054;-0.066
-0.129;-0.027;0.017;-0.176
-0.251;-0.012;-0.061;-0.149
-0.339;-0.059;-0.183;-0.107
-0.266;-0.154;-0.137;-0.073
0.059;-0.146;-0.144;-0.186
0.012;-0.217;-0.117;-0.137
-0.129;-0.132;-0.122;-0.195
-0.129;-0.044;-0.103;-0.212
-0.061;-0.125;-0.151;-0.154
-0.034;-0.283;-0.159;-0.046
0.044;-0.2;-0.154;-0.083
-0.002;-0.122;-0.171;-0.029
-0.034;-0.195;-0.178;-0.078
-0.005;-0.259;-0.171;-0.227
0.027;-0.186;-0.073;-0.273
-0.049;-0.076;-0.142;-0.125
-0.063;-0.022;-0.217;-0.208
-0.078;0.002;-0.2;-0.09
-0.22;-0.012;-0.176;-0.105
-0.237;-0.073;-0.09;-0.024
-0.276;-0.022;-0.117;0.01
-0.273;-0.073;-0.127;0.017
-0.195;-0.2;-0.095;-0.142
-0.229;-0.098;0.061;-0.168
-0.339;0.022;-0.012;-0.134
-0.312;-0.059;-0.076;-0.2
-0.093;-0.181;-0.166;-0.125
-0.083;-0.242;-0.139;-0.198
-0.103;-0.266;-0.059;-0.098
-0.208;-0.271;-0.178;-0.1
-0.171;-0.173;-0.159;-0.032
-0.186;-0.249;-0.132;-0.056
-0.142;-0.234;-0.11;-0.098
-0.125;-0.103;-0.144;-0.09
-0.154;-0.122;-0.078;-0.11
-0.054;-0.19;-0.132;-0.166
0.046;-0.093;-0.142;-0.176
0.015;0.005;-0.09;-0.146
-0.134;-0.103;-0.088;-0.144
-0.178;-0.195;-0.1;-0.073
-0.269;-0.115;-0.115;-0.239
-0.254;-0.002;-0.137;-0.059
-0.144;-0.12;-0.117;-0.029
-0.156;-0.142;-0.054;-0.129
-0.281;-0.012;-0.022;-0.151
-0.266;-0.159;-0.034;-0.115
0.0;-0.232;-0.095;-0.056
-0.02;-0.063;-0.222;-0.129
-0.166;-0.1;-0.198;-0.122
-0.137;-0.117;-0.156;-0.237
-0.054;-0.22;-0.098;-0.029
0.049;-0.242;-0.212;-0.103
0.061;-0.112;-0.146;-0.161
-0.183;-0.044;-0.254;-0.076
-0.225;-0.095;-0.188;-0.051
-0.095;-0.117;-0.195;-0.066
-0.168;-0.164;-0.139;-0.063
-0.173;-0.09;-0.22;-0.137
-0.186;-0.083;-0.093;-0.083
-0.227;-0.117;-0.103;-0.066
-0.305;-0.181;-0.088;-0.083
-0.264;0.017;-0.178;-0.09
-0.312;0.054;-0.083;-0.002
-0.229;-0.049;-0.015;-0.159
-0.212;-0.205;0.017;-0.156
-0.234;-0.151;-0.044;-0.044
-0.132;-0.242;-0.09;-0.027
-0.017;-0.051;-0.112;-0.083
-0.115;-0.269;-0.095;-0.127
-0.076;-0.1;-0.022;-0.205
0.081;-0.222;0.044;-0.195
0.044;-0.142;-0.061;-0.173
-0.12;-0.244;-0.142;-0.125
0.044;-0.156;-0.129;-0.146
0.1;-0.212;-0.027;-0.178
-0.137;-0.078;-0.076;-0.144
-0.308;-0.205;-0.137;-0.144
-0.2;-0.247;-0.205;-0.068
-0.122;-0.081;-0.186;-0.139
-0.161;-0.093;-0.173;-0.046
-0.144;-0.022;-0.112;-0.083
-0.266;-0.193;-0.088;-0.193
-0.447;-0.154;-0.151;-0.19
-0.376;-0.237;-0.144;-0.137
-0.186;-0.112;-0.015;-0.168
-0.095;-0.137;-0.02;-0.151
-0.093;-0.2;-0.024;-0.129
-0.137;-0.322;-0.046;-0.107
-0.11;-0.193;-0.081;-0.098
-0.291;-0.212;-0.115;0.01
-0.183;-0.12;-0.234;-0.151
0.005;-0.085;-0.117;-0.037
0.046;-0.095;-0.088;-0.129
-0.095;-0.085;-0.11;-0.02
-0.195;0.042;-0.176;0.0
0.037;-0.081;-0.1;-0.005
-0.032;-0.154;-0.044;-0.1
-0.261;-0.154;-0.002;-0.078
-0.291;-0.1;-0.059;-0.1
-0.183;-0.093;-0.181;-0.044
-0.266;-0.054;-0.227;-0.01
-0.259;-0.122;-0.21;0.012
-0.315;0.046;-0.183;-0.042
-0.217;-0.212;-0.125;-0.098
-0.139;-0.215;-0.122;-0.146
-0.181;-0.051;-0.098;-0.037
-0.19;-0.02;-0.156;-0.056
-0.107;0.005;-0.098;-0.122
-0.149;-0.168;-0.017;-0.2
-0.01;-0.137;0.09;-0.122
-0.007;-0.3;-0.042;-0.188
-0.027;-0.164;-0.098;-0.161
-0.181;-0.007;-0.171;-0.208
-0.117;-0.056;-0.12;-0.21
-0.115;-0.281;-0.056;-0.117
-0.005;-0.193;-0.144;-0.046
-0.107;-0.188;-0.247;-0.125
-0.005;-0.027;-0.244;-0.12
-0.139;0.032;-0.154;-0.176
-0.259;-0.088;-0.037;-0.142
-0.281;-0.278;-0.161;-0.127
-0.144;-0.332;-0.188;-0.059
-0.19;-0.11;-0.105;-0.134
-0.371;0.139;0.022;-0.134
-0.264;-0.005;-0.056;-0.183
-0.164;-0.129;-0.042;-0.151
-0.193;-0.173;-0.061;-0.107
-0.078;-0.173;-0.112;-0.1
-0.005;-0.007;-0.12;-0.085
-0.049;-0.09;-0.132;-0.149
-0.107;-0.083;-0.181;-0.237
-0.125;-0.127;-0.186;-0.137
-0.088;-0.127;-0.11;-0.039
-0.063;-0.078;-0.1;-0.015
-0.042;-0.107;-0.151;0.061
-0.002;-0.059;-0.166;-0.034
-0.107;0.034;-0.159;-0.107
-0.166;0.125;-0.232;-0.085
-0.139;-0.046;-0.212;0.015
-0.09;-0.11;-0.19;-0.039
-0.198;-0.059;-0.154;-0.056
-0.173;0.037;-0.186;-0.002
-0.198;-0.044;-0.083;-0.139
-0.193;-0.117;-0.088;-0.051
-0.317;-0.137;-0.107;-0.093
-0.391;-0.115;-0.073;-0.176
-0.291;-0.049;-0.134;-0.166
-0.264;-0.127;-0.146;-0.095
-0.186;-0.237;-0.071;-0.127
-0.203;-0.31;-0.068;-0.149
-0.161;-0.21;-0.088;-0.227
-0.129;-0.354;-0.078;-0.166
-0.002;-0.205;-0.112;-0.176
0.034;-0.208;-0.149;-0.168
-0.132;-0.081;-0.129;-0.054
-0.134;-0.215;-0.132;-0.068
-0.125;-0.303;-0.149;-0.054
-0.029;-0.142;-0.193;-0.059
-0.09;-0.134;-0.105;-0.112
-0.11;-0.083;-0.034;-0.149
-0.186;-0.239;-0.071;-0.132
-0.164;-0.188;-0.117;-0.21
-0.21;-0.093;-0.144;-0.051
-0.176;0.002;-0.11;-0.144
-0.273;-0.122;-0.1;-0.134
-0.217;-0.044;-0.183;-0.125
-0.388;0.042;-0.088;-0.142
-0.283;-0.222;-0.164;-0.266
-0.127;-0.19;-0.076;-0.237
0.015;-0.083;-0.063;-0.027
0.129;-0.085;-0.005;-0.161
-0.005;-0.063;-0.002;-0.142
-0.085;-0.073;-0.09;-0.11
-0.21;-0.066;-0.083;-0.151
-0.2;-0.034;-0.129;0.005
0.105;-0.334;-0.232;-0.083
0.098;-0.256;-0.239;0.051
-0.195;-0.21;-0.203;0.024
-0.115;0.132;-0.171;-0.156
0.0;-0.078;-0.137;-0.059
-0.056;-0.01;-0.176;-0.012
-0.22;-0.046;-0.107;-0.063
-0.164;-0.063;-0.132;-0.044
-0.212;-0.264;0.027;-0.176
-0.149;-0.247;-0.007;-0.107
-0.286;-0.198;-0.039;-0.061
-0.242;-0.037;-0.098;-0.178
-0.315;0.0;-0.066;-0.161
-0.244;0.042;-0.037;-0.112
-0.195;-0.044;-0.059;-0.239
-0.044;-0.024;-0.151;-0.208
-0.068;-0.137;-0.237;-0.144
-0.044;-0.195;-0.127;-0.242
-0.01;-0.295;-0.1;-0.242
-0.117;-0.146;-0.146;-0.137
-0.146;-0.203;-0.139;-0.129
-0.107;-0.222;-0.168;-0.154
0.002;-0.266;-0.146;-0.225
-0.007;-0.325;-0.183;-0.215
-0.117;-0.144;-0.186;-0.146
-0.2;-0.032;-0.159;-0.09
-0.103;0.034;-0.093;-0.22
-0.115;-0.071;-0.168;-0.31
-0.01;-0.046;-0.183;-0.164
-0.054;-0.095;-0.115;-0.083
-0.261;-0.034;-0.066;-0.317
-0.229;0.073;-0.085;-0.352
-0.09;-0.037;-0.107;-0.068
0.059;-0.132;-0.12;0.061
0.078;-0.061;-0.12;-0.139
-0.161;0.049;-0.073;-0.117
-0.325;-0.007;-0.11;-0.046
-0.071;-0.151;-0.1;-0.112
0.173;-0.188;-0.083;-0.037
-0.007;-0.076;-0.227;-0.049
-0.156;0.115;-0.205;-0.125
-0.088;-0.171;-0.181;-0.056
0.002;-0.247;-0.242;-0.125
-0.027;-0.21;-0.3;-0.146
-0.205;-0.19;-0.234;-0.083
-0.061;-0.125;-0.171;-0.022
-0.09;0.051;-0.024;-0.154
-0.12;-0.078;-0.161;-0.181
-0.002;-0.071;-0.171;-0.137
-0.107;0.088;-0.098;-0.029
-0.369;-0.073;-0.161;-0.12
-0.312;-0.271;-0.042;-0.225
-0.225;-0.276;-0.063;-0.127
-0.183;0.005;-0.049;-0.071
-0.149;-0.032;-0.115;-0.166
0.095;-0.083;-0.178;-0.11
0.107;-0.198;-0.11;-0.112
-0.017;0.071;0.034;-0.198
-0.247;0.046;-0.032;-0.259
-0.098;-0.276;-0.237;-0.139
0.083;-0.254;-0.156;-0.098
-0.007;-0.186;-0.02;-0.083
-0.054;-0.142;-0.134;-0.083
-0.156;-0.286;-0.146;0.054
-0.061;-0.205;-0.139;-0.042
0.0;-0.098;-0.171;-0.161
-0.151;0.017;-0.181;-0.129
-0.066;-0.137;-0.054;-0.066
-0.205;-0.002;0.0;-0.12
-0.342;-0.088;-0.134;-0.156
-0.305;-0.093;-0.237;-0.083
-0.122;-0.229;-0.103;-0.225
-0.073;-0.061;0.012;-0.144
-0.161;-0.156;-0.034;-0.203
-0.076;-0.01;-0.105;-0.112
-0.129;-0.071;-0.134;-0.171
0.042;-0.156;-0.081;-0.112
0.093;-0.317;-0.059;-0.217
-0.105;-0.461;-0.139;-0.117
-0.281;-0.046;-0.198;0.017
-0.234;-0.151;-0.168;-0.078
0.042;-0.173;-0.142;-0.317
0.137;-0.32;-0.015;-0.186
0.049;-0.073;0.007;-0.063
-0.188;0.076;-0.115;-0.09
-0.066;-0.093;-0.222;-0.134
0.085;-0.278;-0.149;-0.059
0.071;-0.171;-0.051;-0.117
-0.215;0.061;-0.061;0.046
-0.386;-0.11;-0.183;-0.076
-0.273;0.146;-0.132;-0.132
-0.103;-0.239;-0.115;-0.19
-0.046;-0.1;-0.056;-0.002
-0.161;0.044;-0.098;-0.112
-0.181;-0.134;-0.076;-0.071
-0.032;-0.21;-0.093;-0.19
-0.098;-0.129;0.022;-0.112
-0.276;0.017;0.017;-0.149
-0.034;-0.073;-0.129;-0.137
0.09;-0.195;-0.239;-0.02
0.059;-0.264;-0.117;-0.09
-0.198;-0.166;-0.015;-0.276
-0.229;-0.012;-0.129;-0.203
0.12;-0.205;-0.188;-0.066
0.134;-0.271;-0.142;-0.117
-0.115;0.007;-0.356;-0.186
-0.317;0.095;-0.149;-0.098
-0.364;-0.164;-0.129;-0.239
-0.176;-0.33;-0.085;-0.173
-0.1;-0.186;-0.173;-0.273
-0.298;-0.071;-0.142;-0.002
-0.361;0.068;-0.142;-0.107
-0.103;-0.017;-0.146;-0.098
0.02;-0.095;-0.247;-0.186
0.024;-0.239;-0.068;-0.061
-0.154;-0.017;0.083;-0.071
-0.327;-0.024;-0.173;-0.061
-0.188;-0.237;-0.227;-0.095
0.005;-0.393;-0.129;-0.173
0.063;-0.251;0.103;-0.134
-0.154;0.002;-0.068;-0.251
-0.032;-0.107;-0.161;0.01
0.022;0.017;-0.222;-0.044
-0.017;0.012;-0.115;-0.049
-0.193;0.117;-0.188;-0.09
-0.188;-0.125;-0.042;0.068
-0.176;-0.173;-0.085;-0.332
-0.168;-0.103;-0.144;-0.215
-0.129;0.012;-0.2;-0.039
-0.149;0.034;-0.156;-0.12
-0.278;-0.139;-0.125;-0.132
-0.2;-0.054;-0.051;-0.081
-0.117;-0.129;0.02;-0.217
-0.215;-0.173;-0.093;-0.139
-0.21;-0.027;-0.234;-0.095
-0.137;-0.159;0.005;-0.195
0.01;-0.273;-0.137;-0.21
-0.137;-0.408;0.032;-0.017
-0.154;-0.2;-0.195;-0.066
-0.085;-0.129;-0.02;0.107
0.044;-0.227;-0.081;-0.271
0.029;-0.22;-0.012;-0.081
-0.117;-0.117;-0.156;-0.21
-0.195;-0.059;-0.002;-0.212
-0.171;-0.063;-0.085;-0.142
-0.081;0.046;-0.242;-0.112
-0.076;-0.029;-0.063;-0.122
-0.032;-0.161;-0.095;-0.149
-0.044;-0.029;-0.085;0.098
-0.288;-0.129;-0.164;-0.066
-0.295;-0.054;-0.107;-0.122
-0.142;-0.122;-0.132;-0.142
-0.024;-0.234;-0.105;-0.034
-0.2;-0.115;-0.046;-0.027
-0.347;-0.137;-0.149;-0.164
-0.3;-0.156;0.005;-0.095
-0.129;-0.271;-0.044;-0.249
-0.012;-0.168;0.063;-0.166
-0.232;-0.142;-0.205;-0.161
-0.239;-0.002;0.0;0.151
-0.088;-0.122;-0.237;-0.344
-0.073;-0.19;-0.315;-0.002
-0.005;-0.1;-0.095;0.012
-0.122;-0.081;-0.068;-0.337
-0.103;0.127;-0.215;-0.044
-0.212;-0.059;-0.295;0.093
-0.166;-0.007;-0.21;-0.073
-0.107;-0.154;-0.168;-0.044
-0.159;0.022;-0.19;-0.085
-0.21;-0.107;-0.115;-0.188
-0.244;0.027;0.103;0.007
-0.205;-0.059;-0.237;-0.183
-0.239;-0.095;-0.049;0.181
-0.188;-0.234;-0.208;-0.178
-0.11;-0.107;0.085;0.083
-0.049;-0.051;-0.027;-0.112
-0.171;-0.076;0.09;-0.09
-0.11;-0.098;-0.149;-0.217
0.005;-0.134;-0.161;-0.037
-0.01;-0.234;-0.322;-0.251
-0.002;-0.203;-0.054;-0.264
-0.115;-0.166;-0.203;-0.364
-0.017;-0.071;-0.098;-0.168
-0.073;-0.105;-0.022;-0.146
-0.005;-0.105;-0.237;-0.198
-0.107;-0.078;-0.251;0.125
-0.205;-0.154;-0.173;-0.266
-0.198;-0.073;-0.015;-0.139
-0.178;-0.149;-0.09;-0.093
-0.015;-0.205;-0.042;-0.19
-0.066;-0.151;-0.31;-0.22
-0.254;-0.012;-0.166;-0.164
-0.403;0.012;0.007;-0.149
-0.227;-0.112;0.129;-0.242
-0.063;-0.11;-0.054;-0.273
0.083;-0.129;-0.149;-0.105
-0.122;-0.076;-0.066;-0.002
-0.078;-0.022;-0.112;-0.181
0.061;-0.112;-0.095;-0.168
0.125;-0.239;-0.002;-0.122
0.076;-0.176;-0.007;-0.127
-0.071;0.017;-0.066;0.022
-0.056;0.068;-0.195;-0.076
-0.002;-0.127;-0.188;-0.178
0.137;-0.183;-0.081;-0.044
0.081;0.049;-0.105;-0.171
-0.217;0.161;-0.085;-0.137
-0.271;0.085;-0.264;-0.015
-0.071;-0.01;-0.193;-0.066
-0.039;-0.1;-0.081;-0.02
-0.325;0.037;-0.037;-0.127
-0.276;-0.122;-0.066;-0.007
-0.146;0.051;-0.232;-0.037
-0.068;-0.076;-0.132;-0.073
-0.125;0.027;-0.139;-0.164
-0.129;0.0;-0.071;-0.127
0.027;-0.081;-0.144;-0.193
0.127;-0.139;-0.146;-0.161
0.093;-0.312;-0.103;-0.12
-0.103;-0.332;-0.061;-0.264
-0.229;-0.181;-0.144;-0.198
-0.154;-0.227;-0.222;-0.093
-0.046;-0.261;-0.159;-0.073
-0.007;-0.144;-0.115;-0.186
-0.183;-0.237;-0.125;-0.146
-0.09;-0.225;-0.227;-0.171
-0.098;-0.022;-0.193;-0.09
-0.115;-0.01;-0.254;-0.161
-0.149;0.037;-0.117;-0.215
-0.303;0.002;-0.112;-0.098
-0.32;-0.054;-0.105;-0.176
-0.225;-0.037;-0.034;-0.171
-0.208;-0.078;-0.117;-0.127
-0.156;-0.051;-0.039;-0.056
-0.132;-0.129;-0.125;-0.161
-0.173;-0.183;0.015;-0.027
-0.061;-0.127;-0.105;-0.11
-0.146;-0.181;-0.085;-0.132
-0.076;-0.01;-0.168;-0.122
0.037;-0.376;-0.105;-0.122
0.02;-0.237;-0.063;-0.19
-0.049;-0.125;-0.095;-0.095
-0.205;-0.002;-0.093;-0.061
-0.222;-0.085;-0.137;-0.168
-0.159;-0.01;-0.051;-0.122
-0.059;-0.09;-0.188;-0.156
-0.081;-0.032;-0.11;-0.154
-0.093;-0.176;-0.066;-0.149
-0.139;-0.046;-0.137;-0.144
-0.144;0.125;-0.166;-0.046
-0.327;0.129;-0.083;-0.186
-0.203;-0.105;-0.024;-0.186
-0.046;-0.125;-0.112;-0.076
-0.095;-0.078;-0.105;-0.029
-0.022;-0.125;-0.107;-0.164
0.032;-0.305;-0.022;-0.222
0.154;-0.178;-0.078;-0.127
-0.007;-0.054;-0.103;-0.103
-0.051;-0.193;-0.115;-0.049
0.01;-0.125;-0.159;-0.234
-0.066;-0.217;-0.085;-0.132
0.044;-0.107;-0.127;-0.09
-0.024;-0.105;-0.125;-0.178
-0.032;-0.178;-0.229;-0.181
-0.154;-0.088;-0.137;-0.193
-0.159;0.005;-0.115;-0.142
-0.176;0.093;-0.122;-0.051
-0.112;-0.151;-0.088;-0.22
-0.21;-0.098;-0.078;-0.229
-0.376;0.042;-0.081;-0.078
-0.33;-0.002;-0.103;-0.173
-0.125;0.11;-0.073;-0.042
0.002;-0.203;-0.051;-0.122
-0.059;-0.266;-0.054;-0.193
-0.176;-0.127;-0.088;-0.083
-0.203;0.042;-0.186;-0.066
-0.12;-0.151;-0.19;-0.188
-0.027;-0.247;-0.088;-0.188
-0.015;-0.264;-0.022;-0.164
-0.073;-0.215;-0.066;-0.144
-0.215;-0.308;-0.105;-0.034
-0.017;-0.112;-0.21;-0.125
-0.046;-0.134;-0.122;-0.059
-0.027;0.056;-0.103;0.088
-0.068;0.103;-0.076;-0.146
-0.154;0.02;-0.107;-0.173
-0.154;-0.195;-0.103;-0.095
-0.09;-0.171;-0.085;-0.017
-0.066;0.042;-0.156;-0.022
-0.278;-0.105;-0.032;-0.039
-0.208;-0.093;-0.046;-0.208
-0.193;-0.154;0.007;-0.12
-0.281;-0.073;-0.168;0.005
-0.176;0.007;-0.205;-0.027
0.017;-0.137;-0.188;-0.066
0.291;-0.125;-0.046;-0.054
0.037;-0.122;0.022;-0.125
-0.203;-0.063;-0.09;-0.115
-0.176;-0.237;-0.159;0.015
0.037;-0.352;-0.225;-0.068
0.063;-0.281;-0.127;-0.1
-0.02;0.037;-0.046;-0.273
-0.266;-0.132;0.027;-0.093
-0.247;-0.029;-0.19;-0.125
-0.098;-0.208;-0.227;-0.132
-0.022;-0.105;-0.215;-0.242
-0.12;-0.166;-0.017;-0.186
-0.295;-0.137;-0.081;-0.161
-0.215;-0.188;-0.164;-0.127
-0.237;-0.122;-0.208;-0.037
-0.242;-0.022;-0.164;-0.166
-0.198;-0.168;-0.015;-0.183
-0.134;-0.103;-0.034;-0.173
-0.149;-0.264;-0.117;-0.249
-0.242;-0.046;-0.107;-0.166
-0.078;-0.01;-0.11;-0.181
0.051;-0.254;-0.032;-0.129
0.125;-0.325;-0.017;-0.029
-0.186;-0.01;-0.046;-0.21
-0.176;0.0;-0.063;-0.125
-0.049;-0.327;-0.083;-0.042
0.012;-0.447;-0.142;-0.137
0.051;-0.396;-0.178;-0.095
-0.066;-0.188;-0.142;-0.063
-0.054;0.029;-0.098;-0.2
-0.183;0.127;-0.122;-0.088
-0.139;0.115;-0.088;-0.037
-0.127;-0.078;-0.168;-0.068
-0.093;-0.046;-0.183;-0.093
-0.085;0.034;-0.146;-0.1
-0.146;-0.073;-0.083;-0.073
-0.256;0.017;-0.073;0.017
-0.339;-0.081;-0.161;-0.051
-0.066;-0.103;-0.146;-0.061
-0.032;-0.078;-0.093;-0.181
-0.171;-0.232;-0.054;-0.149
-0.146;0.034;-0.076;-0.093
-0.09;-0.149;-0.056;-0.09
0.066;-0.215;-0.068;-0.142
-0.029;-0.344;-0.056;-0.149
-0.051;-0.198;-0.073;-0.139
-0.176;-0.066;-0.105;-0.239
-0.09;-0.068;-0.078;-0.161
-0.066;-0.173;-0.137;-0.095
0.103;-0.105;-0.117;-0.095
-0.071;-0.054;-0.122;-0.127
-0.261;-0.156;-0.095;-0.081
-0.381;-0.125;-0.137;-0.168
-0.327;-0.166;-0.044;-0.149
-0.273;-0.217;-0.078;-0.059
-0.164;0.063;-0.068;-0.107
-0.081;0.007;-0.078;-0.266
-0.286;-0.408;-0.12;-0.139
-0.151;-0.239;-0.127;0.083
-0.356;-0.066;-0.071;-0.042
-0.21;-0.22;-0.032;-0.203
0.081;-0.33;-0.073;-0.12
-0.032;-0.225;-0.127;-0.061
-0.337;-0.171;-0.159;-0.073
-0.449;-0.247;-0.078;-0.01
-0.042;-0.193;-0.049;-0.093
-0.012;-0.383;-0.078;-0.117
-0.168;-0.107;-0.115;-0.061
-0.215;-0.037;-0.212;-0.09
-0.142;-0.054;-0.178;-0.149
0.127;-0.217;-0.105;-0.042
-0.066;-0.146;-0.073;-0.237
-0.159;0.11;-0.083;-0.188
-0.405;0.049;-0.178;-0.039
-0.034;0.125;-0.186;-0.002
0.198;-0.217;-0.232;-0.312
0.024;-0.225;0.005;-0.059
-0.271;-0.229;-0.139;-0.024
-0.4;0.029;-0.107;0.105
-0.2;-0.247;-0.181;0.076
0.103;-0.266;-0.056;-0.115
0.098;-0.034;0.007;-0.31
-0.073;0.195;0.051;-0.112
-0.281;0.024;-0.176;-0.095
-0.039;-0.22;-0.259;-0.076
0.103;-0.247;-0.002;-0.112
-0.122;-0.159;0.103;-0.217
-0.203;-0.02;0.034;-0.098
-0.132;-0.01;-0.237;-0.066
-0.01;-0.291;-0.188;-0.081
0.088;-0.1;-0.166;-0.249
-0.085;-0.132;-0.01;-0.139
-0.12;-0.168;-0.107;-0.166
-0.076;-0.146;-0.154;-0.234
-0.205;-0.037;-0.198;-0.164
-0.273;0.059;-0.132;-0.198
-0.068;-0.044;-0.083;-0.085
0.11;-0.286;-0.149;-0.083
-0.095;-0.222;-0.105;-0.02
-0.559;0.015;-0.127;-0.166
-0.522;-0.02;-0.098;-0.083
-0.083;-0.168;-0.125;-0.022
-0.098;-0.266;-0.095;-0.11
-0.029;-0.2;-0.083;-0.146
-0.032;-0.266;-0.105;-0.088
-0.166;-0.125;-0.083;-0.09
-0.168;-0.061;-0.164;-0.015
-0.029;-0.356;-0.149;-0.039
0.081;-0.239;-0.098;-0.071
-0.21;-0.178;-0.129;-0.151
-0.339;-0.063;-0.134;-0.11
-0.095;-0.383;-0.181;-0.066
0.046;-0.244;-0.154;-0.078
-0.198;0.024;-0.195;-0.049
-0.315;-0.095;-0.156;-0.156
-0.105;-0.049;-0.115;-0.076
-0.002;-0.039;-0.085;-0.044
-0.176;0.188;-0.063;-0.012
-0.156;0.078;-0.144;-0.112
-0.295;-0.039;-0.164;-0.127
-0.33;-0.127;-0.095;-0.049
-0.22;-0.242;-0.034;-0.232
0.017;0.0;-0.017;-0.122
0.002;-0.044;-0.159;-0.181
0.01;-0.2;-0.176;-0.159
-0.015;-0.269;-0.195;-0.129
-0.105;-0.078;-0.081;-0.051
-0.178;-0.217;-0.044;-0.237
0.066;-0.21;-0.083;-0.149
0.085;-0.286;-0.254;-0.068
-0.029;0.056;-0.129;-0.132
-0.239;-0.088;-0.056;-0.195
-0.151;-0.059;-0.107;-0.249
-0.093;-0.288;-0.166;-0.081
-0.061;-0.132;-0.144;-0.078
-0.046;-0.173;-0.11;-0.11
-0.098;-0.054;-0.068;-0.232
-0.09;-0.056;-0.015;-0.171
-0.144;-0.059;0.022;-0.239
-0.103;-0.039;-0.083;-0.134
-0.186;-0.068;-0.1;-0.088
-0.01;0.066;-0.049;-0.176
-0.083;-0.208;-0.005;-0.164
-0.256;-0.085;-0.051;-0.093
-0.237;-0.046;-0.146;-0.122
-0.107;-0.059;-0.139;-0.093
0.01;-0.293;-0.085;-0.105
0.0;-0.203;0.0;-0.139
-0.171;-0.09;-0.117;-0.005
-0.154;-0.042;-0.208;-0.059
-0.134;-0.276;-0.244;-0.12
0.015;0.0;-0.173;-0.117
-0.178;-0.366;-0.151;-0.032
0.166;0.549;-0.205;-0.034
-0.203;-0.244;-0.178;-0.085
-0.107;0.625;-0.159;-0.085
-0.034;-0.444;-0.044;-0.007
-0.02;0.291;-0.149;-0.02
-0.203;-0.635;-0.085;0.039
-0.242;-0.061;-0.129;0.01
-0.112;-0.266;0.027;-0.261
-0.422;-0.088;-0.137;-0.225
-0.334;-0.205;-0.264;-0.103
-0.022;0.171;-0.09;0.151
-0.198;-0.334;-0.183;-0.264
-0.178;-0.134;0.012;-0.105
0.037;-0.378;-0.122;-0.239
0.015;-0.005;0.01;-0.156
-0.103;-0.325;-0.22;-0.095
-0.061;0.049;-0.154;-0.212
0.042;-0.444;-0.117;-0.12
-0.068;-0.278;-0.063;-0.215
0.127;-0.107;-0.066;0.039
-0.159;-0.125;-0.293;-0.222
-0.186;-0.125;-0.139;-0.127
-0.222;-0.166;-0.22;-0.168
-0.322;0.056;0.002;-0.066
-0.208;-0.339;-0.173;-0.083
0.083;0.039;-0.137;-0.103
-0.156;-0.098;-0.137;-0.273
-0.166;0.222;0.034;-0.178
-0.164;-0.203;-0.073;-0.144
-0.127;-0.063;-0.073;-0.234
-0.527;-0.217;-0.149;-0.127
-0.305;-0.105;-0.056;0.068
-0.037;-0.386;-0.105;-0.229
0.095;-0.229;-0.01;-0.142
-0.068;-0.076;-0.139;-0.159
-0.081;0.01;-0.178;-0.21
0.005;-0.298;-0.186;-0.017
-0.056;-0.068;-0.183;-0.09
0.061;-0.039;-0.027;-0.073
0.012;-0.098;-0.105;-0.146
0.029;0.076;-0.183;-0.081
-0.225;-0.017;-0.269;-0.095
-0.081;0.005;-0.193;-0.005
0.034;-0.054;-0.181;-0.181
-0.247;-0.144;-0.142;-0.1
-0.083;-0.237;-0.063;-0.049
-0.129;-0.273;-0.151;-0.198
-0.117;-0.164;-0.151;-0.208
-0.156;-0.1;-0.125;-0.039
-0.261;-0.088;-0.159;-0.103
-0.054;-0.01;-0.1;-0.083
-0.217;-0.022;-0.186;-0.049
-0.154;-0.159;-0.11;-0.21
-0.037;-0.247;-0.034;-0.161
0.164;-0.251;-0.083;-0.149
-0.056;-0.281;-0.115;-0.164
-0.046;-0.186;-0.112;-0.171
0.083;-0.339;-0.134;-0.098
-0.015;-0.247;-0.095;-0.107
-0.056;-0.122;-0.127;-0.134
-0.09;-0.083;-0.105;-0.21
-0.039;-0.205;-0.142;-0.173
-0.144;0.012;-0.117;-0.105
-0.208;0.022;-0.112;-0.105
-0.098;-0.049;-0.156;-0.112
-0.002;-0.09;-0.11;-0.103
-0.2;-0.032;-0.139;-0.166
-0.259;-0.037;-0.083;-0.168
-0.105;-0.181;-0.088;-0.139
-0.217;-0.242;-0.11;-0.117
-0.269;-0.039;-0.085;-0.078
-0.22;-0.095;-0.117;-0.166
-0.144;-0.295;-0.134;-0.166
-0.068;-0.327;-0.117;-0.017
-0.171;-0.22;-0.159;-0.085
-0.242;-0.122;-0.193;-0.181
-0.078;-0.264;-0.132;-0.144
0.002;-0.2;-0.125;-0.142
-0.107;-0.168;-0.095;-0.068
0.005;0.166;-0.173;-0.046
0.002;-0.044;-0.227;-0.078
0.034;-0.112;-0.208;0.017
-0.178;0.005;-0.117;-0.017
-0.249;-0.142;-0.107;-0.139
-0.103;-0.112;-0.2;-0.093
-0.049;-0.132;-0.139;-0.02
-0.161;-0.017;-0.183;0.0
-0.354;-0.09;-0.129;-0.066
-0.186;0.071;-0.149;-0.068
-0.046;-0.059;-0.095;-0.103
0.071;-0.156;-0.095;-0.151
-0.083;-0.039;-0.115;-0.159
-0.176;-0.044;-0.078;-0.166
-0.408;-0.105;-0.107;-0.161
-0.156;-0.352;-0.027;-0.195
0.249;-0.149;-0.078;-0.2
0.01;-0.249;-0.12;-0.095
-0.139;-0.142;-0.156;-0.112
-0.125;0.081;-0.137;-0.127
-0.02;-0.09;-0.134;-0.146
-0.198;-0.149;-0.088;-0.154
-0.061;-0.066;-0.078;-0.083
-0.2;-0.095;-0.146;-0.105
-0.208;-0.2;-0.166;-0.168
-0.234;-0.156;-0.142;-0.139
-0.195;-0.095;-0.073;-0.149
-0.354;-0.1;-0.11;-0.007
-0.393;-0.137;-0.112;-0.046
-0.208;-0.156;-0.159;-0.198
-0.19;-0.156;-0.186;-0.151
-0.173;0.015;-0.093;-0.093
-0.229;0.029;-0.132;-0.183
-0.078;-0.073;-0.127;-0.151
0.125;-0.344;-0.186;-0.076
-0.049;-0.217;-0.085;-0.073
-0.295;0.022;-0.164;-0.168
-0.278;-0.059;-0.164;-0.22
0.09;-0.388;-0.117;-0.154
0.168;-0.41;-0.056;-0.107
-0.127;-0.012;-0.1;-0.005
-0.281;-0.029;-0.225;0.037
-0.063;-0.083;-0.21;-0.054
0.0;-0.093;-0.176;-0.078
-0.198;-0.044;-0.083;-0.125
-0.188;0.029;-0.115;-0.02
-0.229;-0.105;-0.215;-0.146
-0.022;-0.171;-0.166;-0.107
-0.139;-0.066;-0.132;-0.122
-0.298;0.037;-0.046;-0.098
-0.303;-0.183;-0.076;-0.134
-0.242;-0.107;-0.076;-0.112
-0.166;-0.171;-0.183;-0.19
-0.256;-0.088;-0.1;-0.007
-0.222;-0.044;-0.156;-0.12
-0.251;-0.225;0.0;-0.156
-0.012;-0.266;-0.029;-0.166
-0.066;-0.249;-0.051;-0.127
-0.19;-0.11;-0.173;-0.095
-0.173;0.02;-0.178;-0.078
-0.071;-0.105;-0.1;-0.11
-0.083;-0.166;-0.093;-0.103
-0.09;-0.146;-0.044;-0.103
-0.115;-0.039;-0.127;-0.105
-0.181;0.044;-0.166;-0.083
-0.105;0.015;-0.229;-0.054
-0.134;0.027;-0.132;-0.205
-0.249;-0.032;-0.127;-0.232
-0.286;0.09;-0.103;-0.159
-0.203;-0.344;-0.073;-0.032
-0.251;-0.063;-0.107;-0.173
-0.374;-0.149;-0.095;-0.059
-0.171;0.112;-0.12;-0.039
-0.012;-0.159;-0.032;-0.247
0.002;-0.168;-0.115;-0.227
-0.095;-0.234;0.0;0.134
-0.266;0.051;-0.125;-0.029
-0.022;-0.007;-0.149;-0.051
0.217;-0.334;-0.156;-0.105
0.242;-0.276;-0.034;-0.195
-0.139;-0.283;-0.049;-0.134
-0.3;-0.024;-0.2;0.068
-0.151;-0.247;-0.281;0.02
0.002;-0.171;-0.181;-0.154
0.049;-0.063;0.027;-0.112
-0.156;0.044;-0.015;-0.051
-0.332;-0.085;-0.151;-0.085
-0.146;-0.127;-0.234;-0.037
-0.173;-0.156;-0.176;-0.149
-0.244;-0.046;-0.005;-0.063
-0.259;-0.068;-0.054;-0.215
-0.229;-0.056;-0.088;-0.149
0.105;-0.117;-0.186;-0.195
0.093;-0.242;-0.11;-0.117
-0.046;-0.142;-0.132;-0.107
-0.193;0.005;-0.007;-0.098
-0.139;-0.212;-0.078;-0.195
0.149;-0.161;-0.09;-0.12
0.107;-0.259;-0.142;-0.076
0.029;-0.112;-0.129;-0.107
-0.103;-0.007;-0.151;-0.227
-0.054;-0.171;-0.181;-0.183
-0.01;-0.256;-0.178;-0.166
-0.193;-0.039;-0.129;-0.115
-0.112;-0.171;-0.137;-0.088
-0.027;-0.19;-0.151;-0.203
-0.054;-0.239;-0.059;-0.186
-0.154;-0.051;-0.051;-0.159
-0.234;-0.085;-0.017;-0.186
-0.325;-0.176;-0.012;-0.198
-0.068;-0.081;-0.127;-0.193
-0.054;-0.1;-0.073;-0.203
-0.178;-0.073;-0.015;-0.098
-0.215;-0.042;-0.081;-0.056
-0.164;-0.105;-0.098;-0.093
-0.017;-0.281;-0.059;-0.098
0.249;-0.156;-0.056;-0.278
0.076;-0.085;-0.005;-0.127
-0.291;-0.007;-0.154;-0.093
-0.088;-0.254;-0.193;-0.107
0.093;-0.247;-0.183;-0.11
0.12;-0.134;-0.137;-0.054
0.076;0.044;-0.11;-0.049
-0.161;-0.042;-0.161;-0.02
-0.308;-0.217;-0.183;-0.09
-0.271;-0.229;-0.237;-0.071
-0.151;-0.098;-0.159;0.015
-0.024;-0.107;-0.134;-0.12
-0.156;-0.212;-0.085;-0.115
-0.266;-0.225;-0.083;-0.015
-0.305;-0.11;-0.022;-0.078
-0.295;-0.076;-0.085;-0.142
-0.283;-0.232;-0.078;-0.142
0.017;-0.254;-0.078;-0.19
-0.088;-0.21;-0.095;-0.2
-0.176;-0.134;-0.095;-0.068
-0.227;-0.044;-0.159;-0.132
-0.085;-0.239;-0.09;-0.161
-0.012;-0.183;-0.146;-0.156
-0.107;-0.247;-0.105;-0.129
-0.129;-0.068;-0.125;-0.19
-0.076;-0.081;-0.107;-0.242
0.11;-0.083;-0.115;-0.156
0.046;-0.164;-0.178;-0.078
-0.054;-0.115;-0.073;-0.139
-0.154;-0.061;-0.073;-0.09
-0.046;-0.081;-0.195;-0.085
-0.068;-0.129;-0.122;-0.11
-0.085;0.032;-0.02;-0.076
-0.286;-0.022;-0.063;-0.178
-0.266;-0.137;-0.146;-0.125
-0.017;-0.298;-0.061;-0.107
-0.161;-0.012;-0.071;-0.208
-0.195;-0.02;0.017;-0.266
-0.076;-0.159;-0.049;-0.076
0.027;-0.176;-0.078;-0.081
-0.125;-0.117;-0.146;-0.1
-0.171;0.032;-0.139;-0.059
-0.042;0.039;-0.015;-0.125
0.129;-0.205;0.042;-0.105
0.002;-0.2;-0.117;-0.002
-0.034;-0.076;-0.188;0.042
0.024;-0.137;-0.12;-0.039
0.125;-0.085;-0.103;-0.017
-0.029;-0.051;-0.076;-0.037
-0.054;-0.027;-0.215;0.022
-0.068;-0.051;-0.295;0.071
-0.073;-0.039;-0.293;0.059
-0.085;-0.276;-0.132;-0.09
-0.059;-0.261;-0.066;-0.073
-0.156;-0.237;-0.068;-0.034
-0.286;-0.007;-0.154;-0.056
-0.366;0.007;-0.176;-0.068
0.01;-0.271;-0.054;-0.027
0.034;-0.139;-0.039;-0.164
-0.383;-0.01;-0.093;-0.161
-0.242;-0.032;-0.229;-0.164
0.0;-0.139;-0.159;-0.103
0.068;-0.166;-0.098;-0.2
-0.005;-0.156;0.032;-0.203
0.068;-0.056;-0.122;-0.171
-0.176;-0.405;-0.205;-0.071
-0.242;-0.09;-0.212;-0.071
-0.171;-0.144;-0.2;-0.056
0.002;0.183;-0.066;-0.022
0.046;-0.286;-0.125;-0.198
-0.042;0.044;-0.305;-0.327
-0.251;-0.271;-0.088;-0.01
-0.286;0.088;-0.176;0.027
-0.137;-0.244;-0.159;-0.168
0.156;-0.247;-0.071;-0.161
-0.073;-0.481;-0.046;-0.256
-0.466;0.093;-0.154;-0.178
-0.396;0.037;-0.181;-0.017
0.042;0.027;-0.222;-0.161
0.029;-0.171;-0.132;-0.264
-0.049;0.144;-0.049;-0.078
-0.254;-0.151;-0.103;-0.134
-0.181;-0.085;-0.115;-0.127
0.027;-0.388;-0.098;-0.051
0.171;-0.122;-0.063;-0.156
0.007;-0.022;-0.1;-0.076
-0.176;0.02;-0.139;-0.054
0.012;-0.063;-0.139;-0.063
-0.061;-0.093;-0.107;-0.11
-0.11;-0.032;-0.093;-0.125
-0.12;0.049;-0.149;-0.061
0.042;-0.295;-0.144;0.083
-0.029;-0.054;-0.225;-0.056
-0.242;0.029;-0.134;-0.171
-0.295;-0.088;-0.134;-0.093
-0.095;-0.078;-0.132;-0.034
-0.039;-0.02;-0.156;-0.115
-0.208;-0.247;-0.173;-0.183
-0.022;-0.352;-0.173;-0.188
-0.107;-0.051;-0.029;-0.159
-0.149;-0.21;-0.081;-0.046
-0.042;-0.198;-0.142;-0.007
0.107;-0.071;-0.095;-0.076
-0.007;-0.088;-0.098;-0.19
-0.198;-0.1;-0.01;-0.129
-0.117;-0.095;-0.178;0.056
-0.166;-0.269;-0.215;-0.032
-0.159;-0.232;-0.12;-0.227
-0.295;-0.435;-0.081;-0.215
-0.168;0.098;-0.112;-0.049
-0.034;-0.027;-0.19;-0.002
-0.044;0.303;-0.205;0.046
0.271;-0.154;-0.068;-0.264
0.281;-0.002;-0.034;-0.581
0.007;-0.271;0.027;0.034
-0.527;-0.259;-0.278;0.007
-0.449;-0.164;-0.266;-0.105
-0.11;-0.156;-0.149;-0.129
0.222;-0.164;0.093;-0.247
-0.161;-0.195;0.049;-0.222
-0.32;0.09;-0.183;0.037
-0.103;-0.095;-0.354;-0.1
0.02;-0.142;-0.2;-0.249
0.173;-0.239;0.139;-0.2
0.049;-0.1;0.088;-0.227
-0.261;-0.203;-0.222;0.042
-0.212;-0.122;-0.415;0.088
-0.01;-0.308;-0.198;-0.139
0.122;-0.142;0.02;-0.039
-0.09;-0.005;0.002;-0.115
-0.034;-0.11;-0.105;-0.2
-0.059;-0.139;-0.339;-0.022
-0.176;-0.181;-0.161;-0.039
-0.254;-0.078;-0.071;-0.293
-0.142;-0.156;-0.017;-0.061
0.012;-0.103;-0.195;-0.181
0.002;-0.127;-0.205;-0.156
-0.305;0.034;-0.085;-0.022
-0.496;-0.002;-0.063;-0.01
-0.176;0.0;-0.088;-0.117
-0.039;-0.266;-0.044;-0.071
0.066;-0.2;-0.085;-0.215
-0.139;-0.195;0.0;-0.073
-0.015;-0.288;-0.049;-0.032
-0.024;-0.256;-0.132;-0.073
-0.02;-0.222;-0.176;-0.056
-0.12;-0.066;-0.037;-0.117
-0.151;-0.261;-0.015;-0.125
-0.144;-0.151;-0.088;-0.024
-0.139;-0.205;-0.203;-0.066
-0.078;-0.005;-0.232;-0.073
-0.122;-0.073;-0.166;-0.081
-0.215;0.071;-0.073;-0.137
-0.164;-0.005;-0.076;-0.178
0.02;-0.029;-0.115;-0.112
-0.002;-0.176;-0.122;-0.142
-0.251;0.01;-0.02;-0.144
-0.327;0.029;0.078;-0.186
-0.322;-0.144;-0.034;-0.115
-0.12;-0.134;-0.073;-0.107
0.01;-0.229;-0.11;-0.059
0.081;-0.066;-0.112;-0.051
-0.039;-0.1;-0.1;-0.061
-0.1;-0.149;-0.071;-0.085
-0.034;-0.276;-0.078;-0.149
-0.09;-0.208;-0.103;-0.122
-0.071;-0.142;-0.154;-0.105
-0.046;-0.127;-0.227;-0.154
0.01;-0.103;-0.198;-0.122
-0.098;-0.061;-0.168;-0.183
-0.085;0.046;-0.105;-0.19
-0.2;0.054;-0.168;-0.156
-0.149;0.02;-0.247;-0.093
-0.039;-0.076;-0.229;0.056
-0.181;0.005;-0.168;-0.024
-0.225;0.071;-0.1;-0.088
-0.242;-0.071;-0.134;-0.117
-0.078;-0.168;-0.122;-0.166
-0.176;-0.154;-0.173;-0.166
-0.134;0.076;-0.137;-0.132
-0.037;-0.088;-0.122;-0.088
0.044;-0.149;-0.046;-0.071
-0.046;-0.222;-0.154;-0.042
-0.195;-0.032;-0.161;-0.137
-0.159;-0.2;-0.105;-0.164
-0.107;-0.171;-0.159;-0.159
0.012;-0.195;-0.078;-0.186
-0.044;-0.217;-0.19;-0.149
-0.112;-0.222;-0.159;-0.112
-0.22;-0.066;-0.127;-0.151
-0.181;0.027;-0.095;-0.188
-0.11;-0.237;-0.098;-0.222
-0.142;-0.134;-0.144;-0.12
-0.239;0.183;-0.149;-0.127
-0.259;0.193;-0.144;-0.081
-0.105;-0.054;-0.081;-0.168
-0.061;-0.071;-0.11;-0.259
-0.076;-0.117;-0.037;-0.176
-0.151;-0.093;-0.134;-0.081
-0.217;-0.242;-0.151;-0.076
-0.166;-0.181;-0.22;-0.132
-0.161;-0.388;-0.037;-0.142
-0.039;-0.386;0.085;-0.249
-0.056;-0.093;-0.012;-0.032
-0.239;-0.034;-0.198;0.039
-0.134;-0.078;-0.181;-0.12
-0.007;-0.146;-0.017;-0.178
-0.054;-0.056;-0.029;-0.203
-0.137;-0.149;-0.027;-0.022
-0.005;-0.09;-0.203;0.044
-0.049;-0.195;-0.164;-0.156
-0.144;-0.068;-0.132;-0.076
-0.237;0.107;-0.105;-0.134
-0.227;-0.056;-0.073;-0.203
-0.217;-0.112;-0.242;-0.19
-0.132;-0.212;-0.166;-0.146
-0.256;0.017;-0.105;-0.212
-0.173;-0.122;-0.002;-0.117
-0.127;0.022;-0.117;-0.129
-0.21;-0.142;-0.168;-0.095
-0.095;-0.034;-0.132;-0.081
-0.2;-0.11;-0.066;-0.151
-0.073;-0.09;-0.098;-0.081
-0.117;-0.083;-0.059;0.024
-0.164;-0.21;-0.132;-0.178
-0.088;-0.151;-0.093;-0.122
0.012;-0.159;-0.022;-0.132
-0.027;-0.061;-0.02;-0.166
-0.073;-0.134;-0.078;-0.173
-0.063;-0.022;-0.112;-0.076
-0.156;-0.12;-0.173;-0.164
-0.117;-0.217;-0.083;-0.107
-0.088;-0.339;-0.164;-0.1
-0.093;-0.19;-0.107;-0.151
-0.2;-0.154;-0.171;-0.076
-0.183;0.044;-0.12;-0.146
-0.105;-0.137;-0.151;-0.105
-0.137;-0.127;-0.2;-0.132
-0.149;-0.176;-0.193;-0.159
-0.215;-0.193;-0.122;-0.098
-0.063;-0.076;-0.032;-0.173
-0.095;-0.181;-0.049;-0.176
-0.183;-0.115;-0.203;-0.183
-0.176;-0.154;-0.181;-0.176
-0.127;-0.12;-0.037;-0.232
-0.112;-0.085;-0.093;-0.12
-0.244;-0.105;-0.171;-0.132
-0.137;-0.212;-0.317;-0.22
-0.078;-0.176;-0.151;-0.046
-0.061;-0.161;-0.122;-0.132
-0.203;-0.054;-0.049;0.007
-0.171;-0.273;-0.173;0.068
-0.2;-0.19;-0.227;-0.002
-0.095;-0.19;-0.156;-0.186
-0.198;-0.181;-0.039;-0.063
-0.305;-0.154;-0.137;-0.061
-0.156;-0.173;-0.132;0.01
-0.212;-0.142;-0.276;0.042
-0.149;-0.217;-0.112;0.105
-0.161;-0.256;-0.054;-0.422
-0.183;-0.156;0.134;0.166
-0.251;-0.034;-0.33;-0.337
-0.198;-0.266;0.007;-0.049
0.076;-0.229;-0.295;-0.215
-0.134;-0.11;0.11;-0.088
-0.205;-0.154;-0.132;-0.393
-0.142;-0.159;0.122;-0.476
-0.02;-0.12;-0.164;-0.156
-0.039;0.034;-0.061;0.078
-0.01;-0.247;-0.388;-0.225
0.12;-0.283;-0.098;-0.193
0.098;-0.156;-0.256;-0.117
-0.132;-0.251;-0.012;-0.371
-0.251;-0.469;0.046;0.0
-0.239;-0.178;-0.271;-0.3
-0.352;-0.083;-0.222;-0.115
0.032;0.161;-0.283;-0.083
0.247;-0.183;-0.01;-0.317
0.129;-0.007;-0.037;-0.405
-0.247;-0.142;0.139;0.352
-0.381;-0.005;-0.459;0.073
-0.188;-0.046;-0.193;0.251
-0.168;-0.144;-0.029;-0.117
-0.178;-0.156;0.344;-0.552
-0.186;-0.083;0.017;-0.1
-0.361;-0.095;-0.33;0.017
-0.271;-0.002;-0.256;-0.073
-0.1;-0.242;-0.02;-0.024
0.208;-0.244;0.115;-0.107
-0.039;-0.322;0.017;-0.095
-0.159;-0.164;-0.125;-0.005
-0.063;-0.269;-0.295;-0.071
0.127;-0.144;-0.344;0.093
-0.076;-0.105;-0.146;0.107
-0.049;-0.12;-0.054;-0.205
0.02;-0.164;-0.039;-0.237
-0.212;0.044;-0.259;-0.176
-0.278;-0.054;-0.142;-0.339
-0.095;-0.071;0.024;-0.039
0.032;-0.215;-0.078;-0.276
0.0;-0.042;-0.195;-0.283
-0.278;-0.061;-0.066;-0.088
-0.242;-0.066;-0.142;-0.002
-0.151;0.063;-0.081;-0.286
-0.242;-0.142;0.183;0.227
-0.254;-0.112;-0.061;-0.205
-0.166;-0.12;-0.034;-0.22
-0.007;-0.144;-0.078;0.029
-0.076;-0.227;0.005;0.017
-0.1;-0.203;-0.159;-0.237
0.027;-0.098;-0.076;-0.017
-0.002;-0.188;-0.139;-0.212
0.054;-0.229;-0.081;-0.12
0.078;-0.198;-0.051;-0.046
-0.061;0.012;-0.071;0.02
-0.278;0.002;-0.271;-0.032
-0.212;-0.071;-0.337;-0.051
-0.017;-0.244;-0.142;-0.105
0.076;-0.115;-0.024;-0.044
-0.166;-0.054;0.103;0.056
-0.237;-0.061;-0.234;-0.183
-0.176;-0.068;-0.132;-0.125
-0.195;-0.078;-0.188;-0.168
-0.195;-0.203;-0.063;-0.198
-0.112;-0.129;-0.012;-0.103
-0.188;-0.076;-0.137;-0.161
-0.269;-0.017;-0.173;-0.205
-0.127;-0.09;-0.173;-0.081
0.024;-0.073;-0.093;0.122
-0.09;-0.239;-0.142;-0.137
-0.056;-0.217;-0.21;-0.168
-0.085;-0.159;-0.312;-0.278
-0.022;-0.288;-0.105;-0.129
-0.046;-0.095;0.017;-0.229
-0.273;-0.149;-0.042;-0.31
-0.156;-0.12;-0.266;-0.342
-0.132;-0.132;-0.237;-0.198
-0.132;-0.085;-0.146;-0.276
-0.154;-0.112;-0.095;-0.132
-0.112;-0.183;-0.186;-0.186
-0.276;-0.056;-0.149;-0.093
-0.371;-0.054;-0.112;-0.095
-0.342;-0.037;0.022;0.115
-0.203;-0.12;-0.198;-0.005
-0.044;-0.2;-0.142;0.178
-0.154;-0.195;-0.286;-0.032
-0.251;-0.054;0.007;-0.225
-0.3;-0.059;-0.015;-0.154
-0.144;-0.178;-0.078;-0.11
-0.12;-0.159;-0.203;-0.127
0.066;-0.088;-0.237;-0.122
0.063;-0.188;-0.11;-0.054
0.017;-0.122;-0.032;-0.154
-0.049;-0.051;0.017;0.01
-0.068;-0.076;-0.303;-0.144
-0.098;-0.146;-0.288;0.005
-0.251;-0.234;-0.21;-0.09
-0.239;-0.251;0.056;-0.188
-0.112;-0.144;0.002;-0.239
-0.203;-0.132;-0.068;-0.12
-0.376;0.049;-0.161;-0.181
-0.298;-0.146;-0.073;-0.081
-0.115;-0.171;-0.024;-0.093
-0.107;-0.22;-0.02;-0.112
-0.259;-0.129;-0.09;-0.061
-0.291;-0.208;-0.164;-0.098
-0.159;-0.154;-0.151;-0.039
-0.132;-0.083;-0.137;0.01
-0.264;-0.002;-0.105;-0.146
-0.261;-0.176;-0.042;-0.156
-0.154;-0.151;-0.081;-0.159
-0.032;-0.208;-0.088;-0.09
0.039;-0.093;-0.139;-0.161
-0.027;-0.251;0.024;-0.161
-0.122;-0.122;-0.166;-0.217
-0.237;-0.076;-0.183;-0.076
-0.129;-0.061;-0.225;-0.056
-0.1;-0.161;-0.132;0.02
-0.195;-0.061;-0.2;-0.115
-0.217;-0.095;-0.149;-0.061
-0.046;-0.232;-0.142;-0.063
-0.146;-0.117;-0.068;-0.112
-0.273;-0.017;0.046;-0.183
-0.281;0.007;-0.063;-0.171
-0.183;-0.249;-0.142;-0.181
-0.073;-0.149;-0.247;-0.178
-0.12;-0.164;-0.161;-0.164
-0.154;-0.161;-0.068;-0.166
-0.117;-0.078;-0.083;-0.229
-0.093;-0.217;-0.181;-0.129
-0.034;-0.112;-0.225;0.02
0.042;-0.095;-0.122;-0.205
-0.083;-0.254;-0.088;-0.278
-0.005;-0.171;-0.085;-0.129
-0.034;-0.183;-0.105;-0.186
-0.151;-0.076;-0.088;-0.156
-0.168;-0.129;-0.168;-0.193
-0.037;-0.017;-0.222;-0.237
-0.137;-0.007;-0.093;-0.239
-0.115;-0.154;-0.071;-0.132
-0.1;-0.178;-0.139;-0.1
-0.01;-0.1;-0.139;-0.107
-0.178;-0.039;-0.002;0.012
-0.264;-0.012;-0.044;0.088
-0.261;-0.027;-0.085;0.037
-0.254;-0.085;-0.205;-0.078
-0.181;-0.117;-0.161;-0.066
-0.178;-0.02;-0.061;-0.156
-0.19;-0.076;-0.027;-0.193
-0.164;-0.295;-0.039;-0.227
-0.049;-0.178;-0.125;-0.129
-0.093;-0.222;-0.09;-0.071
-0.198;-0.154;-0.071;-0.083
-0.037;-0.12;-0.083;-0.151
-0.039;-0.083;-0.137;-0.088
-0.132;-0.154;-0.151;-0.02
-0.173;-0.181;-0.098;-0.059
-0.098;-0.115;-0.085;0.088
-0.115;-0.083;-0.037;-0.076
-0.181;-0.051;-0.166;-0.029
-0.093;-0.034;-0.156;-0.002
-0.022;-0.208;-0.081;-0.129
-0.081;-0.259;-0.088;-0.103
-0.193;-0.098;-0.054;-0.103
-0.212;-0.081;-0.078;-0.032
-0.095;-0.122;-0.154;-0.244
-0.132;-0.232;-0.095;-0.229
-0.056;-0.249;-0.115;-0.269
-0.044;-0.198;0.022;-0.254
-0.132;-0.107;0.037;-0.273
-0.137;-0.22;0.015;-0.156
-0.046;-0.254;-0.115;-0.012
-0.042;-0.083;-0.168;-0.017
-0.034;-0.11;-0.122;-0.1
-0.017;-0.273;-0.056;-0.337
-0.017;-0.298;-0.068;-0.183
-0.095;-0.156;-0.229;-0.161
-0.139;-0.042;-0.181;-0.09
-0.066;-0.215;-0.186;-0.198
-0.222;-0.115;-0.164;-0.188
-0.146;-0.151;-0.249;-0.068
-0.132;-0.125;-0.249;-0.017
-0.039;-0.159;-0.217;-0.129
-0.09;-0.173;-0.186;-0.183
-0.139;-0.039;-0.083;-0.144
-0.21;-0.051;-0.12;-0.122
-0.227;-0.107;-0.149;-0.042
-0.015;-0.103;-0.183;-0.183
0.142;-0.276;-0.134;-0.293
-0.059;-0.195;-0.107;-0.249
-0.244;0.056;-0.173;-0.2
-0.325;-0.022;-0.232;-0.037
-0.137;-0.183;-0.234;-0.022
-0.134;-0.144;-0.247;-0.098
-0.081;-0.088;-0.181;-0.032
-0.044;-0.181;-0.068;0.044
0.015;-0.154;-0.127;-0.061
-0.159;0.054;-0.112;-0.027
-0.254;-0.071;-0.12;-0.132
-0.088;-0.107;-0.037;-0.215
-0.132;-0.117;-0.117;-0.159
-0.239;-0.12;-0.205;-0.154
-0.186;-0.188;-0.195;-0.059
-0.132;-0.222;-0.161;-0.127
-0.2;-0.051;-0.056;0.022
-0.457;0.012;-0.117;-0.051
-0.349;-0.066;-0.071;-0.063
-0.066;-0.156;-0.095;-0.076
-0.083;-0.232;-0.01;-0.093
-0.056;-0.288;-0.017;-0.276
0.076;-0.149;-0.027;-0.156
-0.144;-0.044;-0.125;-0.181
-0.286;-0.381;-0.227;-0.146
-0.171;-0.276;-0.059;-0.125
-0.171;-0.149;0.02;-0.222
-0.176;-0.171;-0.129;-0.037
-0.078;-0.229;-0.203;0.117
0.012;-0.076;-0.232;-0.002
-0.217;-0.115;-0.1;-0.166
-0.203;-0.171;-0.066;-0.073
-0.002;-0.1;-0.188;-0.024
0.012;0.063;-0.227;-0.107
-0.254;0.09;-0.105;-0.178
-0.115;-0.061;-0.071;-0.178
-0.017;-0.012;0.01;-0.239
-0.269;-0.21;0.015;-0.193
-0.266;-0.303;0.012;-0.088
-0.198;-0.203;-0.098;-0.054
-0.156;-0.205;-0.212;-0.046
-0.193;-0.105;-0.132;-0.066
0.061;-0.081;-0.132;-0.154
0.078;-0.015;-0.103;-0.093
-0.024;-0.122;-0.156;-0.034
0.017;-0.154;-0.129;-0.205
0.034;-0.176;-0.229;-0.208
-0.105;-0.054;-0.203;-0.056
-0.264;-0.085;-0.156;-0.142
-0.085;-0.144;-0.09;-0.083
-0.049;-0.281;-0.122;-0.046
-0.051;-0.029;-0.134;-0.054
-0.234;0.105;-0.139;-0.032
-0.308;0.09;-0.139;-0.149
-0.291;-0.139;-0.054;-0.044
-0.071;-0.076;-0.051;-0.1
0.051;-0.139;-0.073;-0.137
0.088;-0.063;-0.22;-0.112
-0.073;-0.017;-0.208;-0.103
-0.173;0.081;-0.095;-0.112
-0.02;-0.161;0.037;-0.227
0.0;-0.142;-0.017;-0.132
0.002;-0.208;-0.193;-0.132
-0.078;-0.227;-0.186;-0.12
-0.051;0.034;-0.188;-0.117
-0.234;-0.32;-0.061;-0.212
-0.173;-0.027;-0.083;-0.115
0.127;-0.212;-0.205;-0.093
0.112;-0.144;-0.234;-0.083
-0.088;-0.215;-0.181;-0.105
0.015;-0.151;-0.093;-0.159
-0.107;-0.173;-0.105;-0.107
-0.159;-0.156;-0.188;-0.046
-0.193;-0.015;-0.21;-0.103
-0.176;-0.146;-0.046;-0.225
-0.085;-0.183;-0.029;-0.215
0.049;-0.063;-0.132;-0.066
-0.205;-0.059;-0.269;-0.017
-0.283;-0.154;-0.225;-0.105
-0.239;-0.168;-0.127;-0.234
-0.215;-0.151;-0.01;-0.076
-0.151;-0.183;-0.076;-0.098
0.081;-0.139;-0.19;-0.093
-0.066;-0.002;-0.193;-0.112
-0.195;0.02;-0.068;-0.22
-0.105;-0.132;0.061;-0.161
-0.181;-0.122;-0.076;-0.156
-0.312;-0.139;-0.193;-0.105
-0.298;-0.061;-0.293;-0.056
-0.144;-0.41;-0.115;-0.063
-0.049;-0.291;-0.176;-0.049
-0.063;-0.134;-0.173;0.027
-0.176;-0.002;-0.176;0.095
-0.227;-0.134;-0.208;0.042
-0.193;-0.107;-0.061;-0.081
-0.112;0.042;-0.088;-0.11
-0.088;0.042;-0.051;-0.181
-0.078;-0.017;-0.146;-0.19
-0.098;0.034;-0.112;-0.115
-0.137;-0.071;-0.071;-0.242
-0.154;-0.142;-0.002;-0.115
-0.154;-0.171;-0.049;-0.044
-0.024;-0.32;-0.1;-0.027
0.073;-0.261;-0.142;-0.21
-0.103;-0.085;-0.068;-0.054
-0.029;-0.068;0.02;-0.11
0.073;-0.222;0.007;-0.156
0.039;-0.063;-0.095;-0.193
-0.229;-0.007;-0.068;-0.208
-0.149;-0.068;-0.022;-0.212
0.105;-0.134;0.022;-0.222
0.166;-0.212;0.0;-0.161
-0.073;-0.129;-0.005;-0.1
-0.11;-0.144;-0.137;-0.081
-0.051;-0.176;-0.215;-0.034
-0.129;-0.386;-0.186;-0.044
-0.117;0.049;-0.105;-0.071
-0.156;-0.149;-0.176;-0.085
-0.137;-0.227;-0.198;-0.054
-0.122;-0.161;-0.144;-0.103
-0.149;-0.076;-0.085;-0.176
-0.056;-0.164;-0.103;-0.073
-0.056;-0.068;-0.249;-0.095
-0.217;-0.076;-0.144;-0.12
-0.295;-0.156;-0.059;-0.105
-0.103;-0.156;-0.09;-0.154
-0.164;-0.237;-0.193;-0.088
-0.037;-0.125;-0.234;-0.012
-0.017;-0.22;-0.203;-0.156
-0.098;-0.322;-0.164;-0.117
0.012;-0.337;-0.164;-0.156
-0.098;-0.212;-0.078;-0.076
-0.188;-0.11;-0.161;-0.012
-0.2;-0.146;-0.254;-0.01
-0.122;-0.068;-0.237;-0.149
-0.247;-0.134;-0.1;-0.171
-0.183;-0.027;-0.032;-0.137
-0.059;-0.049;-0.137;-0.066
-0.117;-0.122;-0.217;-0.056
-0.071;-0.142;-0.2;-0.122
-0.059;-0.022;-0.181;-0.173
-0.02;-0.098;-0.046;-0.164
-0.154;-0.093;-0.061;-0.105
-0.183;-0.088;-0.073;-0.129
-0.137;-0.078;-0.159;0.015
0.056;-0.098;-0.105;-0.073
0.073;-0.146;-0.015;-0.081
-0.054;-0.071;-0.042;-0.11
-0.059;-0.103;-0.042;-0.149
-0.188;-0.171;-0.095;-0.278
-0.154;-0.173;-0.156;-0.217
-0.127;-0.168;-0.178;-0.127
-0.081;-0.122;-0.11;-0.088
-0.088;-0.02;-0.105;-0.161
-0.134;-0.042;-0.1;-0.215
-0.066;0.068;-0.156;-0.171
-0.142;-0.083;-0.034;-0.066
-0.305;-0.168;-0.081;-0.068
-0.381;-0.107;-0.059;-0.164
-0.239;-0.137;0.012;-0.103
-0.024;-0.237;-0.061;-0.183
-0.11;-0.154;-0.161;-0.117
-0.291;0.0;-0.266;-0.066
-0.449;0.022;-0.178;-0.088
-0.146;-0.254;-0.154;-0.21
0.112;-0.22;-0.156;-0.081
0.095;-0.061;-0.222;0.017
-0.125;-0.137;-0.193;-0.032
-0.027;-0.244;-0.183;-0.205
-0.132;-0.254;-0.112;-0.178
-0.105;-0.166;-0.117;-0.11
-0.112;-0.081;-0.215;-0.095
-0.171;-0.056;-0.273;-0.195
-0.212;-0.063;-0.215;-0.168
-0.195;-0.032;-0.071;-0.078
-0.122;-0.156;-0.09;-0.125
-0.142;-0.085;-0.159;-0.098
-0.291;-0.095;-0.247;-0.032
-0.266;-0.085;-0.171;-0.088
-0.188;-0.051;-0.042;-0.125
-0.149;-0.239;-0.103;-0.146
-0.081;-0.1;-0.095;-0.129
-0.105;-0.039;-0.117;-0.085
-0.193;-0.195;-0.105;-0.134
-0.166;-0.183;-0.034;-0.237
-0.09;-0.032;-0.002;-0.151
-0.188;-0.056;0.012;0.054
0.015;-0.254;-0.09;-0.017
0.012;-0.259;-0.093;-0.103
-0.166;-0.244;-0.066;-0.09
-0.159;-0.173;0.002;-0.063
-0.037;-0.278;-0.059;-0.093
-0.066;-0.286;-0.125;-0.164
-0.168;-0.095;-0.129;-0.137
-0.31;0.027;-0.051;-0.107
-0.337;-0.105;-0.063;-0.183
-0.208;-0.107;-0.127;-0.166
-0.09;-0.129;-0.156;-0.183
-0.154;-0.203;-0.056;-0.222
-0.107;-0.051;0.02;-0.22
-0.251;0.005;-0.09;-0.249
-0.256;-0.105;-0.107;-0.156
-0.02;-0.186;-0.139;-0.083
-0.156;-0.254;-0.083;-0.19
-0.103;-0.195;-0.071;-0.132
-0.09;-0.083;-0.146;-0.146
-0.132;-0.127;-0.249;-0.183
-0.178;0.01;-0.261;-0.054
-0.09;-0.134;-0.186;-0.088
0.068;-0.295;-0.093;-0.134
-0.012;-0.208;-0.081;-0.107
-0.164;-0.186;-0.242;-0.085
-0.159;-0.02;-0.21;-0.078
-0.142;-0.017;-0.195;-0.02
-0.266;-0.022;-0.154;-0.056
-0.181;-0.11;-0.22;-0.085
-0.186;-0.117;-0.198;-0.039
-0.159;-0.11;-0.21;-0.022
-0.151;-0.242;-0.129;-0.078
-0.083;-0.188;-0.056;-0.083
-0.073;-0.166;-0.044;-0.117
-0.217;-0.173;-0.029;-0.122
-0.273;-0.171;-0.027;-0.083
-0.129;-0.127;-0.037;-0.11
-0.129;-0.09;-0.015;-0.146
0.027;-0.183;-0.09;-0.117
-0.017;-0.195;-0.139;-0.037
0.034;-0.01;-0.132;-0.105
-0.078;-0.049;-0.078;-0.063
-0.103;-0.149;-0.066;-0.024
-0.178;-0.132;-0.105;0.0
-0.134;0.007;-0.166;-0.012
-0.117;-0.11;-0.095;0.007
-0.095;-0.081;-0.054;-0.205
-0.034;-0.142;0.015;-0.298
-0.103;0.015;-0.051;-0.21
-0.156;0.049;-0.095;-0.198
-0.315;0.0;-0.173;-0.044
-0.247;-0.007;-0.09;-0.068
-0.193;0.088;-0.027;-0.103
-0.105;-0.134;-0.081;-0.049
-0.044;-0.22;-0.051;-0.103
-0.012;-0.19;-0.081;-0.176
-0.288;-0.137;-0.066;-0.183
-0.139;0.015;-0.144;-0.129
-0.1;-0.266;-0.095;-0.039
0.022;-0.129;-0.186;-0.134
-0.132;-0.129;-0.117;-0.142
-0.054;-0.105;-0.168;-0.181
0.051;-0.1;-0.122;-0.09
0.01;-0.166;-0.186;-0.132
0.049;-0.159;-0.203;-0.015
0.115;-0.142;-0.176;-0.083
-0.134;0.125;-0.142;-0.117
-0.215;-0.139;-0.117;-0.222
-0.071;-0.115;-0.203;-0.081
-0.007;-0.002;-0.305;0.02
-0.242;0.005;-0.154;-0.063
-0.166;-0.151;-0.09;-0.149
-0.198;-0.149;-0.002;-0.176
-0.349;-0.154;-0.034;-0.142
-0.332;-0.093;-0.183;-0.022
-0.1;0.039;-0.168;0.005
0.056;-0.115;-0.159;-0.054
-0.264;-0.149;-0.078;-0.115
-0.208;-0.271;-0.063;-0.21
-0.112;-0.159;-0.093;-0.107
0.015;-0.283;-0.137;-0.173
-0.105;-0.237;-0.02;-0.164
-0.078;-0.178;-0.034;-0.112
-0.002;-0.134;-0.022;-0.103
-0.071;-0.09;-0.144;-0.117
-0.063;-0.144;-0.176;-0.034
-0.081;-0.085;-0.142;-0.146
-0.193;-0.059;-0.054;-0.212
-0.234;-0.007;-0.078;-0.137
-0.093;-0.056;-0.156;-0.134
0.005;-0.1;-0.11;-0.176
-0.002;-0.002;-0.125;-0.186
-0.164;-0.095;-0.029;-0.247
-0.178;-0.068;-0.037;-0.22
-0.059;-0.024;-0.107;-0.139
-0.01;-0.02;-0.188;-0.137
-0.156;-0.059;-0.095;-0.266
-0.073;-0.137;-0.005;-0.227
-0.054;-0.085;-0.073;-0.244
-0.037;-0.112;-0.178;-0.044
-0.098;-0.298;-0.242;-0.071
-0.02;-0.032;-0.186;-0.061
0.054;-0.112;-0.166;-0.02
-0.027;-0.208;-0.122;-0.071
-0.034;-0.244;-0.178;-0.115
-0.056;-0.015;-0.251;-0.107
-0.107;0.022;-0.264;-0.081
-0.125;0.093;-0.059;-0.054
-0.083;-0.146;-0.054;-0.137
-0.183;-0.161;-0.166;-0.09
-0.134;-0.024;-0.21;-0.02
0.01;-0.261;-0.129;-0.093
0.01;-0.125;-0.054;-0.2
-0.242;0.078;-0.032;-0.093
-0.232;-0.02;-0.142;-0.095
-0.134;-0.068;-0.144;-0.12
-0.039;-0.205;-0.098;-0.083
-0.085;-0.291;-0.115;-0.112
-0.015;-0.249;0.059;-0.178
0.01;-0.22;-0.063;-0.178
-0.117;-0.139;-0.203;-0.178
-0.164;0.007;-0.11;-0.129
-0.071;-0.215;-0.115;-0.168
0.085;-0.229;-0.095;-0.125
-0.215;-0.156;-0.159;-0.22
-0.173;-0.085;-0.142;-0.188
-0.105;-0.176;-0.156;-0.044
-0.12;-0.21;-0.054;-0.093
-0.146;-0.137;-0.127;-0.129
-0.012;-0.098;-0.122;-0.112
-0.056;0.007;-0.156;-0.134
-0.244;-0.039;-0.061;-0.188
-0.054;-0.125;-0.039;-0.117
0.024;-0.212;-0.095;-0.137
-0.146;-0.103;-0.137;-0.127
-0.286;-0.073;-0.156;-0.217
-0.139;-0.093;-0.049;-0.066
-0.046;-0.09;-0.103;-0.21
-0.015;-0.122;-0.164;-0.203
-0.156;-0.208;-0.205;-0.054
-0.115;-0.139;-0.122;-0.046
-0.059;-0.061;-0.271;-0.107
-0.032;-0.073;-0.234;-0.095
0.012;-0.1;-0.188;-0.154
-0.161;-0.076;-0.112;-0.029
-0.276;-0.085;-0.239;-0.063
-0.156;-0.181;-0.164;-0.144
0.073;-0.081;-0.095;-0.176
0.12;-0.259;-0.01;-0.12
-0.146;-0.063;-0.105;0.032
-0.229;0.142;-0.195;-0.02
-0.156;-0.137;-0.161;-0.181
-0.024;-0.12;-0.088;-0.188
-0.168;0.005;-0.032;-0.154
-0.337;0.066;-0.068;-0.054
-0.298;-0.222;-0.386;-0.112
-0.095;-0.056;-0.195;-0.142
-0.051;-0.142;-0.029;-0.288
-0.156;-0.093;-0.02;-0.269
-0.107;-0.085;-0.222;-0.156
0.015;-0.037;-0.198;-0.083
0.046;-0.21;-0.088;-0.31
0.144;-0.146;-0.027;-0.3
0.195;-0.212;-0.11;-0.078
-0.032;-0.005;-0.137;0.042
-0.042;-0.044;-0.188;-0.049
0.034;-0.193;-0.151;-0.188
-0.015;-0.12;-0.005;-0.298
-0.237;-0.017;-0.024;-0.171
-0.315;-0.193;-0.071;-0.076
-0.239;-0.295;-0.171;-0.186
-0.085;0.061;-0.127;-0.125
-0.085;-0.164;0.068;0.051
0.039;-0.166;0.034;-0.105
-0.144;-0.203;-0.042;-0.215
-0.632;0.005;-0.081;0.034
-0.505;-0.1;-0.027;-0.085
-0.022;-0.239;-0.063;-0.212
0.156;-0.366;-0.129;-0.21
-0.059;-0.19;-0.083;-0.149
-0.264;-0.149;-0.146;-0.249
-0.21;-0.046;-0.095;-0.088
-0.181;-0.215;-0.198;-0.12
0.02;-0.21;-0.054;-0.215
0.11;-0.217;0.054;-0.21
0.044;-0.215;-0.007;-0.139
-0.283;-0.042;-0.229;-0.005
-0.19;0.005;-0.117;0.198
0.137;0.024;-0.046;-0.063
-0.027;-0.024;-0.122;-0.137
-0.359;0.005;-0.105;-0.073
-0.237;-0.103;0.02;-0.178
-0.081;-0.208;-0.093;-0.312
-0.129;-0.156;-0.166;-0.171
-0.283;0.095;0.0;-0.076
-0.22;-0.139;0.037;-0.103
0.063;-0.105;0.029;-0.127
-0.044;-0.156;-0.107;-0.129
-0.317;-0.066;-0.198;-0.071
-0.054;-0.144;-0.168;0.088
0.149;-0.176;-0.149;-0.063
0.012;-0.242;-0.137;-0.068
-0.005;-0.183;-0.232;-0.156
0.046;-0.295;-0.193;-0.061
0.007;-0.251;-0.234;-0.085
-0.154;-0.056;-0.222;-0.042
-0.076;-0.066;-0.173;-0.146
-0.046;-0.068;-0.186;-0.137
-0.2;0.059;-0.159;-0.034
-0.195;-0.09;-0.203;-0.027
-0.039;-0.027;-0.229;-0.061
0.063;-0.039;-0.176;-0.159
-0.188;0.012;-0.095;-0.186
-0.237;-0.261;-0.076;-0.234
-0.212;-0.098;-0.1;-0.103
-0.334;-0.205;-0.129;-0.088
-0.366;-0.063;-0.227;-0.125
-0.09;-0.19;-0.115;-0.208
-0.012;-0.063;-0.1;-0.181
-0.295;-0.093;-0.063;-0.208
-0.222;-0.007;-0.105;-0.039
-0.007;-0.239;-0.049;-0.12
0.271;-0.459;-0.208;-0.21
0.044;-0.188;-0.154;0.007
-0.3;0.037;-0.188;0.061
-0.332;-0.051;-0.142;-0.112
-0.125;-0.208;-0.193;-0.146
-0.051;-0.232;-0.12;-0.149
-0.1;-0.22;-0.002;-0.171
-0.117;-0.127;-0.132;-0.156
-0.156;-0.002;-0.361;0.081
-0.171;-0.093;-0.198;-0.107
-0.09;0.032;-0.125;-0.181
-0.032;-0.039;-0.081;-0.115
-0.176;-0.024;-0.063;-0.103
-0.249;-0.129;-0.142;-0.173
-0.212;-0.081;-0.166;-0.137
-0.112;-0.154;-0.046;-0.164
-0.217;-0.088;0.022;-0.098
-0.205;-0.195;-0.129;-0.222
-0.012;-0.1;-0.159;-0.088
-0.081;-0.129;-0.327;-0.117
-0.103;-0.093;-0.022;0.012
-0.081;-0.154;-0.178;-0.339
-0.063;-0.12;0.112;-0.002
-0.234;0.005;-0.327;-0.347
-0.142;-0.054;-0.239;0.117
-0.105;-0.115;-0.212;-0.054
-0.127;-0.227;-0.005;-0.164
-0.061;-0.242;-0.203;-0.081
-0.112;-0.027;-0.105;0.059
-0.1;-0.22;-0.078;-0.103
-0.154;-0.11;-0.059;-0.037
-0.059;-0.266;-0.271;-0.222
-0.332;-0.225;-0.132;0.068
-0.459;0.073;-0.142;-0.042
-0.286;-0.024;-0.127;-0.312
-0.166;-0.208;-0.088;-0.269
-0.1;-0.31;-0.005;-0.103
-0.286;-0.051;-0.122;-0.271
-0.217;0.059;-0.166;0.039
-0.186;-0.107;-0.146;0.032
-0.076;-0.332;-0.034;-0.295
0.005;-0.19;-0.247;-0.171
-0.181;-0.034;-0.156;0.007
-0.352;-0.076;-0.134;-0.293
-0.103;0.056;-0.176;0.044
0.186;-0.039;-0.212;0.046
0.076;-0.159;-0.122;-0.291
-0.09;-0.002;-0.02;0.054
-0.237;-0.088;-0.298;-0.066
-0.1;-0.178;-0.081;0.037
-0.105;-0.181;-0.164;-0.112
-0.305;-0.083;-0.076;-0.098
-0.178;-0.105;-0.205;-0.046
-0.256;-0.078;-0.142;-0.034
-0.234;-0.281;-0.176;-0.164
-0.4;-0.107;-0.234;-0.229
-0.264;-0.317;-0.007;-0.005
-0.112;-0.234;-0.088;-0.159
-0.034;-0.134;-0.1;-0.078
-0.125;-0.071;-0.269;-0.21
-0.171;-0.198;0.032;-0.002
-0.156;-0.21;-0.085;-0.281
-0.156;-0.166;-0.022;0.037
0.0;-0.12;-0.164;-0.159
0.005;-0.098;-0.281;-0.151
-0.078;-0.12;-0.244;-0.09
-0.159;-0.203;-0.012;-0.181
-0.01;-0.229;0.039;-0.027
-0.051;0.012;-0.142;-0.127
-0.112;-0.017;-0.129;-0.193
-0.203;0.007;-0.229;-0.225
-0.229;-0.178;-0.168;-0.073
-0.337;-0.1;0.005;-0.056
-0.381;-0.171;-0.007;-0.088
-0.2;-0.112;-0.173;-0.205
-0.2;-0.181;-0.134;0.005
-0.134;-0.151;-0.249;-0.176
-0.178;0.015;-0.088;0.015
-0.149;-0.02;-0.046;-0.046
-0.002;-0.193;0.083;-0.032
0.002;-0.339;-0.125;-0.125
0.044;-0.3;-0.181;-0.1
-0.161;-0.142;-0.225;-0.166
-0.039;-0.044;-0.024;-0.156
0.061;-0.056;-0.027;-0.203
0.022;-0.19;-0.115;-0.039
-0.044;-0.11;-0.22;-0.12
-0.105;-0.107;-0.352;-0.024
-0.242;-0.034;-0.276;-0.083
-0.244;-0.156;-0.107;-0.171
-0.208;-0.115;-0.078;-0.176
-0.195;-0.115;-0.168;-0.164
-0.168;-0.01;-0.205;-0.125
-0.198;-0.098;-0.205;-0.078
-0.056;-0.195;-0.12;-0.159
-0.176;-0.11;-0.127;-0.134
-0.261;-0.083;-0.129;-0.076
-0.173;-0.054;-0.144;-0.159
0.059;-0.1;-0.117;-0.154
0.139;-0.103;-0.117;-0.107
-0.09;-0.295;-0.164;-0.129
0.002;-0.186;-0.144;-0.115
0.066;-0.154;-0.098;-0.1
-0.076;-0.239;-0.051;-0.183
-0.261;-0.247;-0.078;-0.212
-0.156;-0.159;-0.098;-0.134
0.02;-0.076;-0.195;-0.146
-0.146;-0.132;-0.142;-0.107
-0.205;0.029;-0.129;-0.139
-0.139;-0.022;-0.115;-0.127
-0.168;0.076;-0.139;-0.125
-0.205;-0.02;-0.168;-0.12
-0.176;-0.22;-0.103;-0.117
-0.149;-0.088;-0.1;-0.164
-0.183;-0.095;-0.068;-0.103
-0.237;-0.039;-0.144;-0.222
-0.261;-0.237;-0.088;-0.154
-0.181;-0.149;-0.095;-0.1
-0.237;-0.015;-0.032;-0.095
-0.081;0.007;-0.078;-0.046
0.078;-0.068;-0.117;-0.059
0.103;-0.105;-0.127;-0.042
-0.088;-0.234;-0.11;0.022
-0.12;0.012;-0.12;0.0
0.022;-0.02;-0.127;-0.161
-0.247;0.037;-0.146;-0.093
-0.293;-0.037;-0.186;-0.142
-0.146;0.056;-0.129;-0.09
-0.098;-0.076;-0.107;-0.09
-0.076;-0.259;-0.142;0.081
-0.2;-0.129;-0.112;-0.146
-0.234;-0.234;-0.059;-0.068
-0.325;-0.088;-0.085;-0.088
-0.164;-0.078;-0.068;-0.061
-0.107;-0.144;-0.168;-0.054
-0.005;-0.017;-0.056;-0.11
-0.193;-0.085;-0.066;-0.139
-0.134;-0.071;-0.049;-0.154
0.09;-0.193;-0.088;-0.061
-0.068;-0.063;-0.142;-0.103
-0.061;-0.127;-0.095;-0.19
-0.076;-0.049;-0.054;-0.208
0.132;-0.159;-0.024;-0.144
0.208;-0.215;-0.098;-0.081
-0.01;-0.1;-0.134;-0.061
-0.22;-0.149;-0.103;-0.093
-0.322;0.088;-0.085;-0.107
-0.256;-0.015;-0.122;-0.166
-0.076;-0.115;-0.164;-0.215
0.029;-0.056;-0.173;-0.054
-0.149;-0.134;-0.11;-0.159
-0.229;-0.068;-0.059;-0.146
-0.085;-0.161;-0.061;-0.139
-0.151;-0.022;-0.007;-0.117
-0.317;0.063;-0.034;-0.122
-0.21;-0.088;-0.046;-0.039
0.01;-0.178;-0.222;-0.059
-0.01;-0.095;-0.161;-0.151
-0.244;-0.056;-0.107;-0.164
-0.198;-0.232;0.01;-0.171
0.002;-0.205;-0.056;-0.107
-0.032;-0.264;-0.154;-0.134
-0.085;-0.002;-0.229;-0.002
-0.112;-0.044;-0.164;-0.081
-0.059;-0.144;-0.188;-0.132
-0.063;-0.183;-0.134;-0.166
-0.098;-0.186;-0.11;-0.195
-0.251;-0.107;-0.127;-0.193
-0.176;-0.107;-0.149;-0.034
-0.161;0.125;-0.234;-0.042
-0.261;-0.095;-0.127;-0.159
-0.198;-0.212;-0.024;-0.164
-0.22;-0.137;-0.032;-0.21
-0.273;-0.21;-0.098;-0.137
-0.186;-0.205;-0.081;-0.105
-0.1;-0.146;-0.19;-0.227
-0.205;-0.029;-0.122;-0.186
-0.127;-0.22;0.027;-0.203
-0.022;-0.193;0.0;-0.215
0.02;-0.254;-0.09;-0.144
0.112;-0.129;-0.234;-0.015
-0.039;-0.288;-0.203;-0.105
0.059;-0.352;-0.093;-0.22
0.027;-0.337;0.046;-0.173
-0.186;-0.159;-0.166;-0.205
-0.193;0.032;-0.261;-0.115
-0.093;-0.132;-0.334;-0.115
-0.012;-0.164;-0.159;-0.125
-0.1;-0.015;-0.103;-0.166
-0.227;0.01;-0.129;-0.093
-0.347;-0.098;-0.239;-0.149
-0.198;-0.237;-0.251;-0.032
0.015;-0.01;-0.159;-0.078
-0.127;-0.012;-0.046;-0.015
-0.212;0.149;-0.039;-0.212
-0.229;-0.139;-0.044;-0.164
-0.112;-0.242;-0.137;-0.078
0.042;-0.264;-0.017;-0.078
0.01;-0.198;-0.081;-0.144
-0.193;-0.208;0.002;-0.144
-0.168;-0.144;-0.044;-0.127
-0.024;-0.088;-0.081;-0.081
0.217;-0.11;-0.132;0.02
-0.01;-0.039;-0.11;-0.073
-0.19;-0.017;-0.09;-0.054
0.012;0.071;-0.149;-0.029
0.044;0.0;-0.149;-0.027
-0.022;-0.054;-0.171;-0.083
-0.178;-0.002;-0.076;-0.061
-0.122;-0.21;-0.017;-0.139
-0.063;-0.291;0.039;-0.293
-0.024;-0.051;-0.093;-0.076
-0.061;0.068;-0.063;-0.088
-0.081;0.005;-0.061;-0.21
-0.259;-0.044;-0.046;-0.239
-0.21;0.0;0.012;-0.085
-0.049;-0.127;-0.01;-0.129
0.063;-0.125;-0.078;-0.09
0.076;-0.266;-0.212;-0.066
-0.142;-0.154;-0.139;-0.164
0.012;-0.071;-0.063;-0.254
0.017;-0.081;-0.027;-0.217
-0.037;-0.11;-0.122;-0.161
0.017;-0.1;-0.122;-0.095
0.034;-0.144;-0.195;-0.149
0.063;-0.19;-0.127;-0.203
-0.107;-0.254;-0.134;-0.09
-0.042;-0.183;-0.051;0.002
-0.044;-0.278;-0.024;-0.083
-0.176;-0.149;-0.11;-0.059
-0.222;-0.129;-0.144;-0.129
-0.093;-0.137;-0.076;-0.103
-0.015;-0.088;-0.024;-0.11
-0.161;-0.19;-0.015;-0.159
-0.156;-0.166;-0.076;-0.212
-0.144;-0.22;-0.083;-0.164
-0.063;-0.186;-0.073;-0.063
-0.137;-0.103;-0.059;-0.146
-0.156;-0.024;-0.081;-0.127
-0.083;-0.098;0.01;-0.168
0.02;-0.098;-0.039;-0.046
0.022;-0.193;-0.083;-0.063
-0.056;-0.071;-0.098;-0.007
-0.127;-0.059;-0.073;0.002
-0.156;-0.081;-0.098;-0.037
-0.024;0.012;-0.154;-0.081
0.002;-0.027;-0.225;-0.122
0.066;-0.042;-0.181;-0.071
0.034;-0.151;-0.105;-0.139
-0.093;-0.107;-0.12;-0.1
-0.161;-0.056;-0.164;-0.127
-0.227;-0.166;-0.142;-0.044
-0.251;-0.044;-0.051;-0.054
-0.222;-0.2;-0.103;-0.071
-0.215;-0.188;-0.127;-0.1
-0.073;0.039;-0.071;-0.093
0.005;0.056;-0.098;-0.132
-0.134;-0.088;-0.107;-0.198
-0.178;0.051;-0.093;-0.078
-0.034;-0.029;-0.093;-0.059
-0.078;-0.164;-0.095;-0.139
0.068;-0.168;-0.12;-0.208
0.029;-0.107;-0.056;-0.11
0.049;-0.217;-0.085;-0.203
-0.181;-0.122;-0.193;-0.037
-0.186;0.007;-0.249;-0.117
-0.134;-0.051;-0.083;-0.039
-0.039;-0.11;-0.095;-0.156
-0.09;-0.095;-0.176;-0.076
-0.161;-0.139;-0.198;-0.044
-0.103;-0.183;-0.186;-0.105
-0.2;-0.007;-0.151;-0.063
-0.232;-0.144;-0.054;-0.068
-0.061;-0.249;-0.11;-0.01
-0.088;-0.081;-0.208;-0.027
-0.115;-0.037;-0.19;-0.093
-0.049;-0.249;-0.105;-0.21
0.037;-0.332;-0.061;-0.203
-0.083;-0.076;-0.046;0.0
-0.19;-0.037;-0.188;-0.11
-0.283;-0.09;-0.203;-0.066
-0.251;-0.093;-0.125;-0.132
-0.085;-0.21;-0.005;-0.212
-0.024;-0.251;-0.056;-0.227
0.017;-0.042;-0.195;-0.076
-0.103;-0.066;-0.239;-0.044
-0.1;-0.134;-0.137;-0.061
-0.027;-0.122;-0.044;-0.122
-0.059;-0.168;-0.083;-0.144
-0.054;-0.242;-0.11;-0.085
0.151;-0.303;-0.156;-0.117
-0.115;-0.334;-0.178;-0.134
-0.271;-0.161;-0.132;-0.125
-0.322;-0.1;-0.11;-0.134
-0.239;-0.229;-0.115;-0.264
-0.073;-0.266;-0.11;-0.176
-0.225;-0.112;-0.105;-0.222
-0.085;-0.146;-0.02;-0.095
-0.002;-0.239;-0.01;-0.188
-0.078;-0.122;-0.042;-0.159
-0.195;-0.098;-0.088;-0.063
-0.239;-0.256;-0.063;-0.168
-0.178;-0.205;-0.09;-0.178
-0.132;-0.278;-0.095;-0.205
-0.137;-0.168;-0.054;-0.159
-0.122;-0.415;-0.112;-0.154
-0.137;-0.112;-0.078;-0.056
-0.293;-0.076;-0.078;-0.212
-0.122;-0.125;0.002;-0.112
0.144;-0.144;-0.142;-0.193
0.046;0.066;-0.212;-0.081
-0.195;0.134;-0.229;0.056
-0.002;-0.022;-0.188;-0.078
-0.049;-0.171;-0.134;-0.225
-0.256;-0.288;-0.032;-0.193
-0.244;-0.088;-0.12;-0.093
-0.173;0.051;-0.193;-0.09
-0.127;0.007;-0.21;0.039
-0.125;-0.281;-0.161;-0.107
-0.127;-0.149;-0.068;-0.127
-0.227;0.039;-0.088;-0.063
-0.295;-0.039;-0.188;-0.142
-0.068;-0.168;-0.2;-0.049
-0.127;-0.176;-0.144;-0.127
-0.125;0.022;-0.029;-0.105
-0.254;-0.208;-0.071;-0.168
-0.146;-0.208;-0.159;-0.115
-0.071;-0.339;-0.251;-0.056
-0.01;-0.164;-0.12;-0.051
0.049;-0.195;-0.071;-0.164
-0.059;0.095;-0.071;-0.19
-0.112;0.017;-0.137;-0.115
-0.071;0.024;-0.095;-0.127
0.012;-0.081;-0.039;-0.1
0.066;-0.022;-0.071;-0.09
-0.066;-0.1;-0.078;-0.139
-0.076;-0.125;-0.02;-0.098
-0.178;-0.295;-0.076;-0.054
-0.186;-0.105;-0.11;-0.137
-0.122;0.127;-0.046;-0.076
0.066;-0.12;-0.095;-0.144
-0.085;-0.247;-0.073;-0.098
-0.095;-0.139;-0.139;-0.19
-0.059;-0.098;-0.073;-0.234
-0.015;-0.215;-0.117;-0.139
-0.034;-0.098;-0.125;-0.117
0.024;-0.063;-0.132;-0.146
0.068;-0.039;-0.081;-0.193
-0.227;-0.139;-0.056;-0.151
-0.007;-0.088;-0.088;-0.115
-0.12;-0.085;-0.208;-0.066
-0.093;-0.237;-0.222;-0.159
0.029;-0.037;-0.071;-0.181
0.054;-0.046;-0.068;-0.212
-0.205;0.02;-0.093;-0.146
-0.361;-0.154;-0.232;-0.11
-0.269;-0.098;-0.156;-0.159
-0.239;-0.195;-0.073;-0.146
-0.278;-0.02;-0.095;-0.103
-0.281;-0.173;-0.2;-0.061
-0.083;-0.139;-0.22;-0.002
-0.034;-0.276;-0.198;-0.125
-0.154;-0.374;-0.122;-0.176
-0.176;-0.334;-0.105;-0.139
-0.242;-0.149;-0.11;-0.071
-0.017;-0.098;-0.256;-0.112
-0.164;-0.129;-0.171;-0.132
-0.115;-0.127;-0.115;-0.168
-0.105;-0.229;-0.032;-0.029
-0.144;-0.237;-0.093;-0.139
-0.183;-0.217;-0.164;-0.054
-0.09;-0.039;-0.173;-0.017
-0.283;-0.076;-0.049;-0.046
-0.31;-0.1;0.0;-0.076
-0.212;-0.107;-0.078;-0.085
-0.107;-0.078;-0.173;-0.176
-0.129;-0.146;-0.215;-0.217
-0.149;-0.081;-0.139;-0.151
-0.063;-0.125;-0.049;-0.215
0.002;-0.044;-0.095;-0.21
-0.076;-0.198;-0.063;-0.088
-0.334;0.029;-0.107;-0.005
-0.278;-0.168;-0.181;-0.085
0.19;-0.098;-0.134;-0.098
0.146;-0.283;-0.044;-0.112
-0.193;-0.159;-0.127;-0.107
-0.291;-0.273;-0.193;-0.042
-0.115;-0.271;-0.212;-0.195
-0.156;-0.374;-0.117;-0.129
0.012;-0.144;-0.132;-0.151
0.017;-0.12;-0.068;-0.149
-0.156;-0.105;-0.122;-0.12
-0.237;-0.129;-0.19;-0.022
-0.02;-0.029;-0.115;-0.012
-0.161;-0.122;-0.151;-0.093
-0.437;-0.042;-0.056;-0.022
-0.251;-0.112;-0.156;-0.061
-0.137;-0.149;-0.151;-0.061
-0.278;-0.181;-0.081;-0.071
-0.293;-0.071;-0.032;-0.139
-0.198;-0.042;-0.002;-0.161
0.046;-0.12;-0.112;-0.073
-0.247;-0.132;-0.151;-0.039
-0.217;-0.134;-0.19;-0.083
-0.149;-0.159;-0.085;-0.037
0.085;-0.278;-0.122;-0.164
-0.12;-0.188;-0.19;-0.176
-0.061;0.039;-0.205;-0.159
-0.054;-0.09;-0.215;-0.063
-0.088;-0.117;-0.2;-0.156
-0.195;-0.127;-0.137;-0.105
-0.239;-0.071;-0.168;-0.127
-0.127;-0.142;-0.142;-0.063
-0.085;-0.193;-0.254;-0.139
-0.117;-0.115;-0.181;-0.146
-0.127;-0.012;-0.1;-0.181
-0.107;0.056;-0.122;-0.173
-0.266;0.002;-0.195;-0.068
-0.186;0.029;-0.229;-0.1
-0.029;0.032;-0.11;-0.098
-0.144;-0.015;-0.022;-0.171
-0.205;-0.059;-0.002;-0.066
-0.137;-0.139;-0.154;-0.122
-0.022;-0.144;-0.168;-0.078
0.029;-0.229;-0.112;-0.11
-0.039;-0.232;-0.002;-0.188
-0.02;-0.193;-0.066;-0.142
-0.071;-0.168;-0.149;-0.156
-0.107;-0.186;-0.178;-0.078
-0.242;0.083;-0.208;-0.117
-0.229;0.088;-0.193;0.073
-0.232;0.112;-0.164;-0.139
-0.173;-0.056;-0.127;-0.098
-0.046;-0.107;-0.271;-0.088
-0.144;-0.076;-0.239;-0.156
-0.403;-0.198;-0.22;-0.19
-0.256;0.0;-0.115;-0.12
-0.168;0.007;-0.051;-0.063
-0.325;-0.078;-0.164;-0.212
-0.181;-0.127;-0.134;-0.222
-0.051;-0.168;-0.151;-0.125
-0.134;-0.127;-0.166;-0.149
-0.234;-0.098;-0.144;-0.098
-0.149;-0.02;-0.178;-0.081
-0.071;-0.122;-0.134;-0.146
-0.205;-0.237;-0.098;-0.112
0.11;-0.112;-0.173;-0.164
-0.054;-0.12;-0.2;-0.195
0.032;-0.159;-0.181;-0.137
-0.032;-0.039;-0.088;-0.205
-0.049;0.083;-0.093;-0.19
-0.208;0.002;-0.11;-0.122
0.012;-0.105;-0.234;-0.1
0.164;-0.076;-0.186;-0.105
-0.098;0.02;-0.122;-0.066
-0.195;-0.103;-0.095;-0.098
-0.156;-0.339;-0.146;-0.122
-0.271;-0.225;-0.107;-0.049
-0.22;-0.022;-0.183;-0.105
-0.088;0.093;-0.112;-0.112
-0.012;-0.125;-0.054;-0.056
0.073;0.027;-0.176;-0.256
0.027;-0.261;0.02;-0.264
-0.178;-0.198;-0.154;-0.156
-0.183;-0.291;-0.149;0.022
-0.22;-0.2;-0.132;0.005
-0.007;-0.347;-0.078;-0.171
-0.137;-0.146;-0.054;-0.203
-0.112;-0.088;-0.105;-0.1
-0.203;-0.137;-0.146;-0.1
-0.142;-0.188;-0.261;-0.076
0.066;-0.156;-0.164;-0.12
-0.195;-0.269;-0.122;-0.159
-0.295;0.0;0.002;-0.054
-0.293;-0.19;-0.188;-0.081
-0.044;-0.278;-0.19;-0.127
-0.015;-0.288;-0.146;-0.022
-0.186;0.046;-0.09;-0.032
-0.171;-0.137;-0.115;-0.134
-0.186;-0.176;-0.161;-0.01
-0.049;-0.229;-0.19;-0.098
-0.154;0.012;-0.134;-0.168
-0.115;-0.037;-0.076;-0.085
0.042;-0.139;-0.222;-0.154
-0.024;-0.173;-0.149;-0.164
-0.1;-0.039;-0.085;0.01
-0.129;-0.09;-0.11;-0.083
-0.085;0.154;-0.09;-0.195
-0.227;-0.317;-0.09;-0.088
-0.247;-0.266;-0.154;-0.168
-0.208;-0.356;-0.1;-0.068
-0.083;-0.144;-0.19;-0.164
-0.093;-0.142;-0.186;-0.137
0.034;-0.071;-0.146;-0.217
-0.186;-0.139;-0.088;-0.278
-0.198;0.251;-0.127;-0.283
-0.371;-0.056;-0.183;-0.081
0.0;-0.203;-0.146;0.134
0.234;-0.198;-0.149;-0.278
-0.149;0.012;0.02;-0.122
-0.305;0.063;-0.186;-0.076
-0.134;-0.181;-0.098;0.007
-0.081;-0.317;-0.203;-0.168
-0.103;-0.181;-0.127;-0.029
-0.144;-0.137;-0.117;-0.381
0.034;0.129;-0.01;-0.173
-0.229;-0.276;-0.208;-0.164
-0.012;0.098;-0.183;-0.149
-0.051;-0.002;-0.176;-0.154
-0.007;-0.076;-0.044;-0.054
-0.149;-0.132;-0.125;-0.02
-0.09;0.046;-0.164;-0.071
-0.144;-0.193;-0.186;-0.19
-0.178;0.012;-0.049;-0.039
-0.137;-0.054;-0.083;-0.095
-0.134;0.01;-0.066;-0.054
-0.164;-0.076;-0.156;-0.095
-0.334;-0.034;-0.024;-0.186
-0.408;0.029;-0.081;-0.261
-0.032;-0.037;-0.044;-0.083
0.203;-0.205;-0.093;-0.049
0.051;-0.19;-0.076;-0.137
-0.256;-0.076;-0.054;-0.093
-0.242;-0.122;-0.081;-0.1
-0.073;-0.1;-0.144;-0.149
0.088;-0.154;-0.181;0.027
0.02;-0.171;-0.186;-0.176
0.054;-0.066;-0.09;-0.127
-0.178;-0.31;-0.161;-0.09
-0.239;-0.151;-0.168;-0.085
-0.259;-0.037;-0.237;-0.022
-0.195;0.125;-0.105;-0.139
-0.137;0.0;-0.11;-0.259
-0.059;-0.083;-0.061;-0.09
-0.22;0.049;-0.171;0.022
-0.234;0.088;-0.195;-0.046
-0.168;-0.039;-0.19;0.081
-0.044;-0.21;-0.112;-0.115
-0.173;-0.022;-0.054;-0.161
-0.281;-0.042;-0.107;-0.186
-0.237;-0.073;-0.176;-0.171
-0.195;-0.208;-0.2;-0.164
-0.076;-0.249;-0.088;-0.244
0.093;-0.271;-0.071;-0.227
-0.024;0.076;-0.103;-0.051
-0.159;-0.078;-0.188;-0.007
-0.122;-0.173;-0.151;-0.156
-0.122;-0.22;-0.149;-0.168
-0.063;-0.068;-0.083;-0.117
-0.022;-0.063;-0.115;-0.125
-0.002;0.049;-0.21;-0.066
-0.107;-0.098;-0.195;-0.156
-0.283;-0.034;-0.112;-0.149
-0.225;-0.107;-0.029;-0.127
0.015;-0.144;-0.039;-0.078
-0.073;-0.061;-0.049;-0.105
-0.391;-0.107;-0.129;-0.063
-0.366;0.125;-0.112;-0.215
-0.188;-0.007;-0.017;-0.125
-0.015;-0.1;0.059;-0.083
-0.093;-0.198;-0.046;-0.046
-0.139;-0.283;-0.132;-0.056
-0.164;-0.122;-0.037;-0.125
-0.039;-0.281;-0.063;-0.166
-0.01;-0.315;-0.049;-0.166
-0.017;-0.352;-0.093;-0.095
-0.193;-0.166;-0.093;-0.159
-0.186;-0.19;-0.181;-0.107
-0.171;-0.103;-0.129;-0.098
-0.181;-0.168;-0.107;-0.027
-0.156;-0.09;-0.071;-0.12
-0.278;-0.215;-0.129;-0.115
-0.222;-0.117;-0.171;0.0
-0.283;-0.154;-0.176;-0.051
-0.237;-0.066;-0.125;-0.037
-0.142;-0.107;-0.151;-0.073
-0.151;-0.002;-0.151;-0.081
-0.266;-0.046;-0.12;-0.139
-0.298;-0.317;-0.146;-0.154
-0.161;-0.046;-0.105;-0.127
-0.298;-0.068;-0.156;-0.054
-0.134;-0.073;-0.156;-0.139
-0.017;-0.327;-0.027;-0.125
-0.049;-0.474;0.0;-0.137
-0.171;-0.41;-0.032;-0.159
-0.088;-0.049;-0.222;-0.059
-0.117;-0.193;-0.247;-0.042
-0.149;-0.083;-0.205;-0.022
-0.081;-0.02;-0.068;-0.298
-0.112;-0.232;-0.071;-0.259
-0.083;-0.247;-0.222;-0.212
-0.234;-0.129;-0.142;-0.168
-0.178;-0.171;-0.146;-0.129
-0.061;0.015;0.01;-0.132
-0.171;0.176;-0.076;-0.22
-0.129;0.088;-0.112;-0.176
-0.205;-0.024;-0.2;-0.054
0.017;-0.271;-0.156;-0.12
-0.107;-0.051;-0.122;-0.173
-0.154;0.046;-0.066;-0.281
-0.137;-0.042;-0.042;-0.112
-0.042;-0.093;-0.164;-0.073
-0.195;-0.115;-0.205;-0.071
-0.134;-0.02;-0.195;-0.073
-0.039;-0.176;-0.115;-0.164
-0.029;-0.164;-0.051;-0.046
-0.02;-0.125;-0.051;-0.142
-0.127;-0.156;-0.085;-0.103
-0.107;-0.051;-0.154;-0.139
-0.288;-0.129;-0.2;-0.032
-0.085;-0.088;-0.171;-0.029
0.078;-0.005;-0.173;-0.1
-0.095;0.149;-0.173;-0.203
-0.327;0.027;-0.129;-0.11
-0.222;-0.017;-0.156;-0.085
-0.161;-0.132;-0.12;-0.071
-0.156;0.054;-0.156;-0.103
-0.266;-0.139;-0.09;-0.151
-0.1;-0.193;-0.12;-0.083
-0.09;-0.317;-0.127;-0.186
-0.193;-0.264;-0.112;-0.093
-0.027;-0.291;-0.127;-0.093
-0.056;-0.166;0.007;-0.205
-0.059;-0.417;-0.02;-0.242
-0.078;-0.115;-0.049;-0.2
-0.208;-0.085;-0.134;-0.115
-0.078;-0.139;-0.176;-0.066
0.085;-0.203;-0.183;-0.217
0.088;-0.198;-0.1;-0.291
-0.107;-0.322;-0.049;-0.107
-0.249;-0.217;-0.156;-0.129
0.034;-0.227;-0.208;-0.154
-0.085;-0.085;-0.139;-0.015
-0.146;-0.098;-0.032;-0.173
-0.342;0.059;-0.017;-0.142
-0.273;-0.049;-0.105;-0.159
-0.166;-0.039;-0.117;-0.115
-0.166;-0.222;-0.11;-0.083
-0.166;-0.093;0.017;0.012
-0.352;-0.076;-0.034;-0.115
-0.396;-0.098;-0.1;-0.039
-0.171;-0.293;-0.186;-0.042
-0.151;-0.076;-0.056;-0.156
-0.249;-0.181;-0.007;-0.083
-0.054;-0.305;-0.002;-0.107
-0.11;-0.276;-0.054;-0.093
-0.032;-0.027;-0.156;-0.1
-0.034;-0.146;-0.144;-0.007
-0.02;-0.063;-0.105;-0.002
-0.007;0.022;-0.103;0.0
-0.21;-0.088;-0.183;-0.115
-0.115;-0.308;-0.176;-0.164
-0.066;-0.115;-0.093;-0.095
-0.19;0.112;-0.081;-0.149
-0.217;0.156;-0.115;-0.217
-0.127;-0.198;-0.188;-0.205
-0.105;-0.234;-0.154;-0.122
-0.159;-0.005;-0.051;-0.122
-0.251;-0.225;-0.088;-0.034
-0.01;-0.144;-0.073;-0.115
0.044;-0.149;-0.098;-0.251
-0.247;0.044;-0.044;-0.11
-0.161;-0.015;-0.081;-0.061
-0.039;-0.146;-0.122;-0.107
0.027;-0.369;-0.186;-0.161
0.037;-0.376;-0.112;-0.093
-0.007;-0.354;-0.09;-0.21
-0.046;-0.166;-0.063;-0.156
-0.264;-0.173;-0.132;-0.149
-0.12;-0.063;-0.22;-0.093
-0.044;-0.229;-0.203;-0.088
-0.034;-0.149;-0.1;-0.012
-0.168;-0.168;-0.085;-0.215
-0.31;-0.088;-0.088;-0.154
-0.195;-0.12;-0.034;-0.098
-0.132;-0.029;-0.142;-0.093
-0.22;0.061;-0.1;-0.046
-0.276;-0.105;-0.063;-0.122
-0.159;-0.164;-0.059;-0.068
-0.312;-0.125;-0.103;-0.073
-0.232;-0.081;-0.093;-0.125
-0.2;-0.2;-0.115;-0.166
0.066;-0.278;-0.073;-0.186
0.066;-0.244;-0.085;-0.134
-0.134;-0.205;-0.027;-0.166
-0.234;-0.273;-0.1;-0.068
-0.132;-0.227;-0.125;-0.132
0.076;-0.254;-0.078;-0.093
-0.083;-0.396;-0.098;-0.203
-0.161;-0.146;-0.068;-0.107
-0.312;-0.066;-0.156;0.024
-0.186;-0.073;-0.193;0.007
0.012;-0.103;-0.125;-0.134
-0.007;-0.144;-0.027;-0.095
-0.212;-0.042;-0.122;-0.225
-0.215;-0.002;-0.144;-0.125
-0.098;-0.12;-0.154;-0.107
-0.2;-0.088;-0.049;-0.129
-0.327;-0.073;0.01;-0.059
-0.432;0.015;-0.054;-0.037
-0.166;-0.227;-0.151;-0.093
0.0;-0.225;-0.156;-0.205
0.051;-0.01;-0.105;-0.137
0.005;-0.166;-0.081;-0.239
-0.078;-0.078;-0.061;-0.144
-0.081;-0.173;-0.142;-0.156
-0.09;-0.078;-0.11;-0.156
-0.063;-0.117;-0.056;-0.1
-0.071;-0.217;-0.085;-0.156
0.01;-0.208;-0.105;-0.056
-0.054;-0.125;-0.176;-0.144
-0.122;-0.12;-0.149;-0.103
-0.146;0.21;-0.234;-0.09
-0.195;-0.061;-0.137;-0.017
0.022;0.105;-0.112;-0.061
0.007;-0.166;-0.054;-0.361
-0.168;-0.024;-0.01;-0.181
-0.459;-0.22;-0.134;0.015
-0.256;-0.066;-0.227;0.1
-0.022;-0.149;-0.195;-0.154
0.024;-0.212;0.022;-0.09
-0.024;-0.161;0.032;-0.393
-0.149;0.066;0.049;-0.132
-0.168;-0.1;-0.217;-0.017
-0.073;-0.178;-0.234;-0.208
0.132;-0.144;-0.037;-0.212
0.044;-0.146;0.046;-0.137
-0.159;-0.146;-0.056;-0.129
-0.239;-0.256;-0.256;-0.132
0.049;-0.283;-0.19;-0.068
0.044;-0.115;-0.117;-0.122
-0.051;0.007;-0.105;0.02
-0.088;0.129;-0.173;-0.037
-0.156;-0.144;-0.19;-0.066
-0.159;-0.129;-0.229;-0.151
-0.259;-0.125;-0.154;-0.01
-0.249;-0.083;-0.12;-0.088
-0.156;-0.078;0.007;-0.02
-0.129;-0.156;-0.1;-0.144
-0.244;0.059;-0.132;-0.049
-0.271;-0.002;-0.115;-0.051
-0.098;-0.137;-0.059;-0.117
-0.105;-0.41;-0.122;-0.09
-0.112;-0.244;-0.132;-0.161
-0.176;-0.244;-0.112;-0.068
-0.176;0.083;-0.073;-0.081
-0.095;-0.217;-0.093;-0.208
-0.039;-0.122;-0.105;-0.225
-0.015;-0.01;-0.146;-0.159
-0.151;-0.105;-0.168;-0.107
0.027;-0.151;-0.161;-0.149
0.027;-0.281;-0.171;-0.12
-0.032;-0.198;-0.173;-0.222
-0.215;-0.151;-0.105;-0.122
-0.266;-0.12;-0.132;-0.139
-0.105;-0.269;-0.171;-0.164
0.046;-0.107;-0.203;-0.146
-0.178;-0.125;-0.159;-0.063
-0.288;-0.12;-0.071;-0.127
-0.322;-0.137;-0.024;-0.151
-0.156;-0.21;-0.046;-0.027
-0.107;-0.105;-0.117;-0.09
-0.186;-0.081;-0.166;-0.085
-0.198;-0.149;-0.09;-0.2
-0.071;-0.127;0.0;-0.178
-0.151;-0.198;-0.056;-0.21
-0.103;-0.129;-0.217;-0.122
-0.029;-0.254;-0.178;-0.02
-0.076;-0.164;-0.056;-0.046
-0.11;-0.195;-0.054;-0.139
-0.061;-0.234;-0.11;-0.168
-0.02;-0.171;-0.085;0.022
-0.205;-0.034;-0.142;-0.005
-0.186;-0.042;-0.112;0.037
-0.073;-0.007;-0.054;-0.31
-0.056;-0.098;-0.046;-0.159
-0.208;-0.037;-0.181;-0.21
-0.293;-0.054;0.005;0.342
-0.215;0.005;-0.256;-0.259
-0.129;-0.168;-0.168;0.496
-0.112;0.024;-0.283;-0.017
-0.161;0.117;0.068;-0.11
-0.281;0.039;-0.186;-0.188
-0.164;-0.198;-0.139;-0.103
0.005;-0.2;-0.073;-0.188
0.005;-0.21;0.061;-0.208
-0.095;-0.298;-0.071;-0.061
-0.291;-0.188;-0.271;-0.295
-0.093;-0.283;-0.112;-0.042
-0.056;-0.251;-0.3;0.005
-0.051;-0.247;-0.127;-0.056
-0.098;-0.024;-0.029;-0.21
-0.081;-0.232;-0.068;-0.01
-0.059;-0.186;-0.195;0.166
-0.222;-0.042;-0.269;-0.159
-0.151;-0.002;-0.083;-0.01
-0.054;-0.051;-0.244;-0.457
-0.093;-0.098;0.068;-0.083
-0.251;-0.083;-0.261;-0.4
-0.249;-0.117;-0.095;0.134
-0.181;-0.103;-0.41;-0.183
-0.195;-0.22;0.063;-0.205
-0.21;0.0;-0.068;-0.022
-0.149;0.081;-0.078;0.076
-0.061;0.027;-0.168;-0.295
-0.037;-0.205;-0.198;-0.288
0.088;-0.31;-0.183;-0.078
0.015;-0.112;-0.176;-0.132
-0.156;-0.146;-0.156;-0.1
-0.164;-0.151;-0.271;-0.215
-0.203;-0.188;-0.1;-0.051
-0.049;-0.063;0.056;-0.105
-0.134;-0.105;0.068;-0.117
-0.273;-0.039;-0.315;-0.198
-0.144;-0.144;-0.071;-0.078
-0.012;0.029;-0.156;-0.227
-0.129;-0.059;0.076;0.039
-0.278;-0.002;-0.117;-0.107
-0.21;-0.183;-0.02;-0.269
-0.107;-0.205;-0.066;0.242
-0.142;-0.151;-0.046;0.193
-0.242;-0.105;-0.181;-0.178
-0.234;-0.142;-0.171;-0.103
-0.173;-0.149;-0.298;-0.168
-0.068;-0.376;0.005;-0.559
-0.002;-0.176;0.151;-0.168
-0.022;-0.139;-0.217;-0.078
-0.007;-0.066;-0.229;0.061
-0.037;-0.205;-0.332;-0.059
0.054;-0.232;-0.11;-0.225
-0.088;-0.117;-0.034;-0.21
-0.159;-0.049;0.005;0.11
-0.254;-0.159;-0.337;-0.227
-0.068;-0.051;-0.264;-0.029
-0.229;-0.149;-0.22;-0.144
-0.266;0.049;0.12;-0.117
-0.117;-0.007;0.017;-0.19
-0.176;-0.081;-0.098;-0.068
-0.251;-0.134;-0.3;-0.105
-0.171;-0.088;-0.266;-0.088
-0.129;-0.088;-0.039;-0.21
-0.188;-0.237;0.073;-0.249
-0.134;-0.029;-0.068;-0.073
-0.032;-0.149;-0.251;-0.037
-0.061;-0.188;-0.21;0.1
-0.024;-0.129;-0.146;-0.027
-0.088;-0.022;-0.105;-0.095
-0.134;-0.103;-0.127;-0.039
-0.095;-0.054;-0.149;-0.061
-0.044;-0.105;-0.063;-0.283
-0.144;-0.132;-0.039;0.027
-0.125;-0.183;-0.1;0.012
-0.098;-0.017;-0.22;-0.186
-0.024;0.017;-0.176;-0.146
-0.183;-0.11;-0.232;-0.063
-0.156;-0.095;-0.071;-0.122
-0.061;-0.024;0.046;0.063
-0.264;-0.01;-0.178;-0.115
-0.31;-0.046;-0.046;-0.056
-0.278;-0.022;-0.054;-0.103
-0.166;-0.271;0.105;-0.088
-0.093;-0.1;-0.037;-0.164
-0.061;-0.129;-0.01;-0.068
-0.112;-0.044;-0.129;-0.249
-0.078;-0.234;-0.078;-0.166
0.005;-0.161;-0.051;-0.164
0.029;-0.203;-0.049;-0.044
-0.034;-0.168;-0.193;-0.015
-0.115;-0.098;-0.237;0.176
-0.164;-0.234;-0.203;0.012
0.007;-0.154;-0.181;-0.093
-0.012;-0.063;-0.193;-0.029
-0.181;-0.061;-0.247;-0.081
-0.149;-0.056;-0.105;0.02
-0.032;-0.115;-0.161;-0.154
-0.088;0.005;0.005;-0.234
-0.164;-0.051;-0.085;-0.122
-0.193;0.037;-0.139;-0.083
-0.242;-0.127;-0.095;-0.044
-0.166;-0.002;-0.149;-0.002
-0.12;-0.039;-0.083;0.061
-0.122;0.007;-0.142;-0.034
-0.125;-0.217;-0.132;-0.022
-0.002;-0.181;-0.225;-0.161
-0.029;-0.261;-0.117;-0.073
-0.11;-0.129;0.01;-0.234
-0.156;-0.269;-0.049;-0.276
-0.02;-0.149;-0.056;-0.334
0.042;-0.117;-0.161;-0.159
-0.078;-0.122;-0.083;-0.217
-0.217;-0.273;-0.044;-0.112
-0.239;-0.266;-0.208;-0.073
-0.066;-0.107;-0.151;0.02
-0.078;-0.181;-0.178;0.042
-0.039;-0.134;-0.078;0.034
-0.144;-0.186;-0.2;-0.115
-0.127;-0.002;-0.105;-0.007
-0.095;-0.042;-0.154;-0.051
-0.093;-0.1;-0.034;-0.232
-0.103;-0.178;-0.073;-0.195
-0.19;-0.037;-0.117;-0.173
-0.081;-0.276;-0.168;-0.161
-0.088;-0.21;-0.171;-0.176
-0.146;-0.176;-0.022;-0.134
-0.193;-0.117;0.0;-0.19
-0.208;-0.32;0.002;-0.146
-0.103;-0.247;-0.122;0.015
-0.132;-0.11;-0.051;-0.02
-0.12;-0.085;-0.186;-0.034
-0.022;-0.132;-0.085;-0.139
0.022;-0.156;-0.046;-0.066
-0.093;-0.22;-0.149;-0.195
-0.164;-0.205;-0.166;-0.103
-0.203;-0.178;-0.288;-0.046
-0.237;-0.015;-0.085;-0.107
-0.208;0.015;-0.151;-0.183
-0.166;-0.051;-0.168;-0.188
-0.115;-0.085;-0.337;0.005
-0.332;-0.054;-0.22;0.029
-0.19;-0.125;-0.088;-0.056
-0.134;-0.154;-0.037;-0.044
-0.081;-0.107;-0.159;-0.032
-0.056;-0.154;-0.154;-0.056
-0.103;-0.107;-0.105;-0.208
-0.183;-0.186;-0.063;-0.281
-0.186;-0.088;0.017;-0.283
-0.017;-0.178;-0.12;-0.186
-0.056;-0.178;-0.178;-0.095
-0.093;-0.181;-0.222;-0.059
-0.044;-0.098;-0.22;-0.112
-0.137;-0.217;-0.117;-0.039
0.007;-0.225;-0.071;0.0
0.032;-0.288;-0.1;-0.085
-0.049;-0.11;-0.188;-0.078
-0.264;-0.115;-0.032;-0.144
-0.232;-0.01;-0.034;-0.151
-0.225;-0.085;-0.022;-0.12
-0.122;-0.029;-0.176;-0.164
-0.251;-0.068;-0.164;-0.142
-0.02;-0.103;-0.239;-0.12
-0.02;-0.159;-0.098;-0.078
-0.005;-0.195;-0.161;-0.103
-0.037;-0.029;-0.081;0.002
-0.154;0.049;-0.007;-0.059
-0.322;-0.095;-0.093;-0.115
-0.166;-0.276;-0.027;-0.161
-0.105;-0.178;-0.088;-0.2
-0.093;-0.186;-0.12;-0.273
-0.02;-0.083;-0.183;-0.171
-0.042;-0.237;-0.146;-0.12
-0.134;-0.173;-0.103;-0.149
-0.159;-0.205;-0.149;-0.076
-0.134;-0.134;-0.205;-0.134
-0.024;-0.073;-0.183;-0.066
-0.051;-0.105;-0.159;-0.083
-0.039;-0.039;-0.166;-0.188
-0.232;-0.166;-0.168;-0.122
-0.151;-0.122;-0.222;-0.066
-0.239;0.017;-0.215;-0.181
-0.171;-0.017;-0.066;-0.132
-0.044;-0.095;-0.127;-0.122
0.039;-0.132;-0.161;-0.242
-0.027;-0.242;-0.134;-0.244
-0.081;-0.024;-0.012;-0.188
-0.115;-0.007;-0.107;-0.088
-0.234;0.081;-0.198;-0.122
-0.085;-0.178;-0.229;-0.066
-0.071;-0.269;-0.176;-0.183
0.015;-0.283;-0.078;-0.115
-0.073;-0.161;-0.071;-0.159
-0.09;-0.022;-0.032;-0.171
0.032;-0.137;-0.176;-0.061
-0.032;0.01;-0.181;-0.073
-0.032;-0.005;-0.166;-0.034
-0.195;0.073;-0.1;-0.054
-0.154;-0.122;-0.112;-0.103
-0.046;-0.059;-0.1;-0.183
-0.291;-0.066;-0.137;-0.088
-0.386;-0.029;-0.193;-0.146
-0.256;0.1;-0.044;-0.007
-0.198;0.005;-0.024;-0.264
-0.269;-0.115;0.022;-0.251
-0.09;-0.146;-0.105;-0.205
-0.024;-0.229;-0.076;-0.024
-0.078;-0.317;-0.061;-0.024
-0.095;-0.063;0.007;-0.134
-0.054;-0.063;-0.103;-0.198
-0.034;-0.107;-0.093;-0.134
-0.034;-0.21;-0.144;-0.154
0.0;-0.361;-0.146;-0.254
-0.11;-0.237;-0.193;-0.095
-0.215;-0.161;-0.164;-0.01
-0.178;-0.176;-0.095;-0.088
0.017;-0.254;-0.12;-0.103
-0.095;-0.044;-0.095;-0.051
-0.139;-0.051;-0.154;-0.161
0.039;-0.254;-0.063;-0.034
-0.051;-0.225;-0.137;-0.103
-0.295;-0.098;-0.046;-0.19
-0.293;-0.178;-0.039;-0.217
-0.088;-0.093;-0.093;-0.164
-0.21;-0.09;-0.139;-0.063
-0.249;0.044;-0.161;-0.137
-0.173;-0.229;-0.103;-0.112
-0.11;-0.239;-0.083;-0.149
-0.117;-0.22;-0.105;-0.154
-0.095;-0.317;-0.085;-0.015
0.122;-0.181;-0.017;-0.01
-0.027;0.073;-0.032;-0.071
-0.242;0.029;-0.066;-0.156
-0.156;-0.098;-0.115;-0.156
-0.005;-0.149;-0.183;-0.181
-0.02;-0.173;-0.249;-0.103
0.029;-0.142;-0.251;-0.093
0.056;-0.044;-0.139;0.073
-0.066;-0.164;-0.237;-0.051
-0.029;-0.142;-0.142;-0.024
-0.125;-0.269;-0.178;0.061
-0.127;-0.039;-0.083;-0.012
-0.234;-0.071;-0.137;-0.117
-0.249;-0.249;-0.039;-0.208
-0.203;-0.291;0.002;-0.325
-0.308;-0.044;-0.034;-0.305
-0.227;-0.063;-0.017;-0.293
-0.02;-0.146;-0.149;-0.278
0.103;-0.056;-0.088;-0.066
0.054;0.037;-0.11;-0.032
0.076;0.017;-0.1;-0.073
-0.005;-0.146;-0.137;0.012
-0.024;-0.164;-0.234;-0.007
-0.129;-0.222;-0.222;-0.125
-0.132;-0.208;-0.181;-0.229
0.029;-0.071;-0.107;-0.181
-0.105;-0.078;-0.249;-0.229
-0.042;-0.232;-0.186;-0.173
-0.017;-0.227;-0.125;-0.293
-0.093;-0.154;0.012;-0.237
-0.217;-0.088;-0.051;-0.176
-0.093;-0.122;-0.161;-0.203
-0.205;-0.266;-0.171;-0.134
-0.071;-0.171;-0.183;-0.066
-0.078;-0.034;-0.103;-0.066
-0.188;0.012;-0.093;-0.129
-0.247;-0.061;-0.066;-0.112
-0.266;-0.081;-0.122;-0.215
-0.2;-0.225;-0.073;-0.09
-0.142;-0.249;-0.168;-0.049
-0.039;-0.349;-0.154;-0.21
0.039;-0.212;-0.159;-0.222
-0.032;-0.164;-0.081;-0.156
-0.159;0.068;-0.078;-0.059
-0.164;-0.166;-0.176;-0.056
-0.083;-0.149;-0.237;-0.012
-0.125;-0.164;-0.2;-0.151
-0.029;-0.027;-0.017;-0.117
-0.247;0.12;-0.105;-0.151
-0.266;-0.061;-0.132;0.039
-0.247;-0.085;-0.203;0.088
-0.271;-0.21;-0.176;-0.303
-0.139;-0.286;-0.056;-0.049
-0.254;-0.291;-0.012;0.049
-0.234;-0.159;-0.063;-0.054
-0.293;-0.171;-0.269;-0.151
-0.266;-0.164;-0.112;-0.076
-0.217;-0.278;-0.125;-0.222
-0.095;-0.256;0.017;-0.161
-0.017;-0.217;-0.088;-0.22
-0.039;-0.239;-0.071;-0.212
-0.017;-0.193;-0.134;-0.139
-0.212;-0.117;-0.098;-0.081
-0.144;-0.203;-0.061;-0.027
0.015;-0.298;-0.034;-0.032
0.037;-0.1;-0.007;-0.173
0.103;-0.054;-0.198;-0.266
0.137;-0.005;-0.09;-0.178
0.208;-0.078;-0.098;-0.186
-0.054;-0.054;-0.19;-0.107
-0.212;0.056;-0.195;0.024
-0.251;-0.112;-0.081;-0.142
-0.122;-0.125;-0.073;-0.156
-0.154;-0.103;-0.056;-0.071
-0.183;-0.068;-0.066;-0.098
-0.288;-0.332;-0.078;-0.193
-0.298;-0.378;-0.029;-0.217
-0.312;-0.261;-0.12;-0.122
-0.161;-0.215;-0.127;-0.144
-0.085;-0.208;-0.129;-0.168
-0.154;-0.168;-0.222;-0.164
-0.154;-0.122;-0.115;-0.203
-0.234;-0.159;-0.166;-0.244
-0.229;-0.217;-0.112;-0.049
-0.139;-0.186;-0.222;-0.046
0.037;-0.393;-0.093;0.037
0.127;-0.256;-0.125;-0.078
-0.059;-0.142;-0.054;-0.054
-0.09;-0.144;-0.146;-0.156
-0.066;0.0;-0.159;-0.071
-0.146;0.164;-0.203;-0.063
-0.122;0.117;-0.105;-0.125
-0.166;0.063;-0.061;-0.105
-0.161;-0.002;-0.178;-0.107
-0.061;0.005;-0.161;-0.063
-0.103;-0.007;-0.159;-0.066
-0.178;0.046;-0.1;-0.144
-0.127;-0.046;-0.095;-0.115
-0.203;-0.063;-0.159;-0.027
-0.215;-0.012;-0.264;-0.105
-0.095;-0.132;-0.212;0.002
0.11;-0.198;-0.095;-0.105
0.029;-0.232;-0.005;-0.078
-0.085;-0.037;-0.051;-0.11
-0.176;-0.115;-0.193;-0.146
0.02;-0.176;-0.146;-0.122
0.015;-0.31;-0.129;-0.11
-0.186;-0.278;-0.105;-0.129
-0.054;-0.176;-0.171;-0.171
-0.171;-0.283;-0.051;-0.103
-0.286;-0.264;-0.002;-0.193
-0.142;-0.115;0.034;-0.269
-0.144;-0.137;-0.01;-0.198
-0.19;-0.117;-0.037;-0.095
-0.234;-0.049;-0.2;-0.149
-0.327;0.049;-0.107;-0.178
-0.269;0.063;-0.044;-0.093
-0.063;0.076;-0.095;-0.217
0.012;-0.234;-0.171;-0.154
-0.066;-0.261;-0.195;-0.154
-0.137;-0.264;-0.122;-0.142
-0.083;-0.122;-0.129;-0.269
-0.095;-0.149;-0.12;-0.215
0.007;-0.181;-0.11;-0.029
-0.037;-0.151;-0.164;-0.017
-0.085;-0.076;-0.129;-0.017
-0.088;-0.034;-0.151;-0.12
-0.127;-0.21;-0.054;-0.002
-0.112;-0.222;-0.171;-0.012
-0.146;-0.068;-0.247;-0.042
-0.298;-0.134;-0.195;-0.198
-0.098;-0.066;-0.132;-0.178
-0.051;-0.105;-0.127;-0.115
-0.195;-0.076;-0.305;-0.059
-0.371;-0.203;-0.271;-0.088
-0.176;-0.032;-0.161;-0.122
-0.239;-0.054;-0.063;-0.146
-0.181;-0.229;-0.029;-0.229
-0.188;-0.117;-0.066;-0.129
-0.229;-0.105;-0.1;-0.071
-0.198;-0.142;-0.032;-0.103
-0.01;-0.288;-0.034;-0.3
0.11;-0.3;0.027;-0.198
-0.103;-0.103;-0.037;-0.039
-0.112;-0.137;-0.215;-0.015
-0.093;-0.071;-0.247;-0.083
0.098;-0.122;-0.134;-0.093
0.046;-0.071;0.027;-0.183
-0.151;-0.186;0.042;-0.049
-0.22;-0.164;-0.073;-0.076
-0.193;-0.125;-0.107;-0.203
-0.107;-0.11;-0.103;-0.232
-0.173;-0.117;-0.027;-0.217
-0.186;-0.159;-0.051;-0.063
-0.254;0.034;-0.09;-0.217
-0.181;-0.107;-0.076;-0.032
-0.173;-0.051;-0.125;-0.132
-0.261;-0.132;-0.115;-0.027
-0.208;-0.156;-0.078;-0.059
-0.132;-0.161;-0.081;-0.142
-0.081;-0.237;-0.12;-0.183
-0.088;-0.19;-0.068;-0.259
-0.027;-0.115;-0.029;-0.168
-0.044;-0.198;-0.088;-0.156
0.002;-0.325;-0.156;-0.166
0.037;-0.117;-0.132;-0.178
-0.056;-0.039;-0.198;-0.107
0.002;-0.254;-0.234;-0.056
0.032;-0.325;-0.237;0.017
-0.039;-0.166;-0.276;-0.002
-0.188;-0.083;-0.198;-0.042
-0.21;-0.078;-0.186;-0.181
-0.12;0.017;-0.151;-0.176
-0.122;0.046;-0.195;-0.078
-0.051;-0.051;-0.151;-0.034
-0.159;-0.264;-0.098;-0.125
-0.244;-0.186;-0.002;-0.12
-0.281;-0.039;-0.027;-0.073
-0.212;0.002;-0.029;-0.01
-0.134;-0.134;-0.095;-0.142
-0.017;-0.168;-0.09;-0.115
-0.171;-0.271;-0.068;-0.205
-0.222;-0.273;-0.085;-0.054
-0.088;-0.193;-0.129;-0.103
0.046;-0.183;-0.112;-0.149
0.022;-0.068;0.002;-0.132
-0.059;-0.195;-0.027;-0.151
0.078;-0.115;-0.066;-0.066
-0.044;-0.044;-0.232;-0.112
-0.071;-0.083;-0.115;-0.073
-0.056;-0.02;-0.063;-0.212
-0.129;-0.11;-0.061;-0.149
-0.398;-0.198;-0.156;-0.151
-0.259;-0.125;-0.215;-0.005
-0.21;-0.071;-0.164;-0.129
-0.322;0.0;-0.027;-0.144
-0.166;0.037;0.029;-0.222
-0.11;0.105;-0.034;-0.203
-0.225;-0.002;-0.139;-0.076
-0.293;-0.132;-0.176;-0.164
-0.159;-0.222;-0.078;-0.083
-0.037;-0.198;-0.002;-0.22
-0.088;-0.217;-0.042;-0.276
-0.068;-0.127;-0.178;-0.251
0.0;-0.271;-0.249;-0.19
0.081;-0.188;-0.161;-0.156
-0.024;-0.176;-0.149;-0.164
-0.122;-0.286;-0.088;-0.173
-0.176;-0.139;-0.215;-0.078
0.042;-0.007;-0.251;-0.09
0.012;-0.19;-0.256;-0.073
-0.129;-0.107;-0.232;-0.042
-0.186;-0.027;-0.198;-0.042
-0.247;0.137;-0.186;-0.129
-0.315;0.0;-0.12;-0.085
-0.134;-0.181;-0.21;-0.154
0.081;-0.212;-0.088;-0.103
-0.144;-0.127;-0.176;-0.164
-0.359;-0.22;-0.107;0.007
-0.308;-0.049;-0.154;-0.1
-0.168;-0.139;-0.076;-0.105
-0.256;0.005;0.007;-0.127
-0.129;-0.176;0.032;-0.098
0.095;-0.242;-0.02;-0.076
0.032;-0.105;-0.085;-0.144
-0.088;-0.178;-0.078;-0.137
0.02;-0.303;-0.044;-0.161
0.015;-0.215;0.029;-0.11
-0.198;-0.017;-0.181;-0.046
-0.198;-0.051;-0.195;0.012
-0.034;-0.071;-0.139;-0.115
-0.188;-0.171;-0.061;-0.054
-0.171;-0.076;-0.068;-0.083
-0.01;-0.098;-0.039;-0.024
-0.078;0.098;-0.02;-0.11
-0.281;-0.037;-0.076;-0.142
-0.117;-0.105;0.015;-0.117
0.017;-0.088;-0.002;-0.115
0.046;0.063;0.051;-0.017
-0.195;-0.029;-0.078;-0.164
-0.21;-0.002;-0.034;-0.066
0.076;-0.227;-0.061;-0.105
0.002;-0.237;-0.002;-0.085
0.049;-0.042;-0.1;-0.122
-0.022;0.017;-0.239;0.005
-0.042;-0.029;-0.142;-0.139
-0.212;-0.085;-0.046;-0.151
-0.078;-0.09;-0.115;0.002
0.024;-0.242;-0.188;-0.034
-0.1;-0.244;-0.151;-0.107
-0.198;-0.166;-0.134;-0.083
-0.261;-0.107;-0.151;-0.032
-0.068;-0.029;-0.142;-0.049
-0.083;0.01;-0.208;-0.01
-0.225;0.007;-0.171;-0.151
-0.205;-0.19;-0.232;-0.127
-0.273;-0.149;-0.159;-0.117
-0.403;-0.203;-0.168;0.049
-0.444;-0.208;-0.125;-0.166
-0.222;-0.183;-0.166;-0.278
-0.168;-0.129;-0.156;-0.173
-0.198;-0.112;-0.061;-0.208
-0.139;-0.22;-0.105;-0.205
-0.117;-0.059;-0.149;-0.1
-0.002;-0.181;-0.076;-0.1
0.051;-0.188;0.005;-0.237
-0.081;-0.239;-0.046;-0.156
-0.107;-0.139;-0.117;-0.129
-0.166;-0.168;-0.149;-0.078
-0.005;-0.039;-0.188;-0.107
0.1;0.022;-0.188;-0.122
-0.071;-0.225;-0.247;-0.205
-0.161;-0.007;-0.164;-0.193
0.0;-0.159;-0.173;-0.254
-0.122;-0.139;-0.122;-0.237
-0.071;-0.056;-0.081;-0.2
-0.254;0.0;-0.017;-0.098
-0.371;-0.117;-0.054;-0.02
-0.376;0.039;-0.034;-0.122
-0.288;-0.159;-0.022;-0.149
-0.066;-0.186;-0.002;-0.181
-0.015;0.012;-0.032;-0.015
-0.095;0.002;-0.146;-0.015
-0.11;0.029;-0.178;-0.054
-0.076;-0.159;-0.178;-0.103
-0.173;-0.051;-0.076;-0.173
-0.208;-0.066;-0.168;-0.181
-0.01;-0.276;-0.195;-0.112
-0.015;-0.364;-0.161;-0.115
-0.088;-0.168;-0.125;-0.188
0.024;-0.039;-0.176;-0.156
0.002;-0.107;-0.188;-0.012
-0.068;-0.015;-0.205;-0.168
-0.21;0.059;-0.276;-0.105
-0.1;0.139;-0.225;-0.042
-0.085;-0.237;-0.073;-0.017
-0.056;-0.21;-0.085;-0.227
-0.32;-0.315;-0.237;-0.244
-0.374;-0.005;-0.261;0.017
-0.471;0.029;-0.12;-0.002
-0.247;0.071;-0.024;-0.195
-0.095;-0.144;-0.017;-0.215
-0.042;0.068;-0.129;-0.115
-0.063;-0.142;-0.188;-0.217
0.076;-0.251;-0.129;-0.083
0.183;-0.015;-0.015;-0.193
-0.063;-0.054;-0.085;-0.173
-0.305;-0.242;-0.103;-0.132
-0.146;-0.413;-0.127;-0.132
-0.049;-0.325;-0.164;-0.071
-0.049;-0.188;-0.112;-0.044
0.068;-0.115;-0.059;-0.085
-0.063;0.066;-0.132;-0.098
-0.161;0.073;-0.112;0.015
-0.308;-0.01;-0.054;-0.149
-0.122;-0.046;-0.027;-0.198
-0.093;0.002;0.027;-0.115
-0.156;-0.059;-0.061;-0.164
-0.234;0.017;-0.09;-0.159
-0.261;-0.154;-0.112;-0.117
-0.134;-0.173;-0.083;-0.149
-0.022;-0.088;-0.073;-0.078
-0.066;-0.083;-0.085;-0.032
0.044;-0.203;-0.051;-0.115
-0.154;-0.1;-0.051;-0.105
-0.161;-0.244;0.005;-0.21
-0.095;-0.171;-0.015;-0.122
-0.085;-0.181;-0.134;-0.125
-0.166;-0.239;-0.129;-0.032
-0.249;-0.146;-0.137;-0.103
-0.22;-0.085;-0.178;-0.117
-0.161;-0.237;-0.203;-0.159
-0.171;-0.115;-0.061;-0.073
-0.22;-0.083;-0.173;-0.19
-0.09;-0.227;-0.19;-0.088
-0.154;-0.029;-0.349;-0.042
-0.166;0.168;-0.247;-0.049
-0.259;-0.095;-0.076;-0.112
-0.256;-0.032;-0.034;-0.212
-0.249;0.078;-0.237;-0.181
-0.286;-0.039;-0.293;0.076
-0.122;-0.291;-0.156;-0.095
0.0;-0.286;-0.059;-0.115
-0.051;-0.027;-0.039;-0.168
-0.068;-0.015;-0.063;-0.083
-0.049;-0.273;-0.161;-0.156
-0.005;-0.225;-0.215;-0.132
-0.032;-0.239;-0.232;-0.291
0.037;-0.212;-0.029;-0.146
0.046;-0.337;-0.081;-0.203
0.024;-0.137;-0.11;-0.12
-0.234;-0.078;-0.298;0.012
-0.127;-0.032;-0.2;0.088
-0.034;-0.115;-0.134;-0.078
-0.154;-0.186;0.073;-0.181
-0.149;-0.125;-0.066;-0.017
-0.154;-0.103;-0.2;-0.002
-0.061;-0.181;-0.168;0.09
-0.227;-0.066;-0.1;-0.225
-0.31;0.024;-0.005;-0.09
-0.32;-0.186;0.046;-0.156
-0.168;-0.073;0.046;-0.063
-0.146;-0.217;-0.127;-0.168
-0.193;-0.085;-0.027;-0.01
-0.156;-0.137;-0.044;-0.112
-0.059;-0.049;-0.034;0.039
0.068;-0.127;-0.105;-0.217
-0.103;-0.168;-0.11;-0.139
-0.085;-0.156;-0.142;-0.122
-0.105;-0.093;0.073;-0.066
-0.032;-0.078;-0.151;-0.105
-0.085;-0.181;-0.239;0.085
-0.215;-0.103;-0.176;-0.225
-0.271;0.073;-0.085;-0.002
-0.332;-0.083;-0.232;0.112
-0.127;-0.237;-0.295;0.063
-0.112;0.029;-0.269;-0.12
-0.059;-0.01;-0.103;0.022
-0.161;-0.149;-0.12;-0.198
-0.215;-0.005;-0.098;-0.164
-0.31;-0.144;-0.195;-0.198
-0.203;-0.107;-0.256;0.044
-0.278;-0.125;-0.127;-0.093
-0.098;-0.037;-0.02;-0.312
0.007;-0.205;0.081;-0.125
0.024;-0.317;-0.19;-0.171
-0.095;-0.166;-0.127;-0.024
-0.081;-0.098;-0.33;-0.198
-0.01;-0.056;-0.132;-0.093
-0.037;-0.139;0.002;-0.237
0.002;-0.281;-0.259;-0.208
-0.056;-0.027;-0.305;-0.073
-0.19;-0.149;-0.078;-0.254
-0.154;-0.076;-0.098;-0.41
-0.059;0.02;-0.2;-0.225
-0.129;0.029;-0.244;-0.027
-0.142;-0.095;-0.144;-0.249
-0.139;-0.134;0.002;-0.264
-0.176;-0.073;-0.032;-0.122
-0.339;-0.11;0.049;0.029
-0.156;-0.129;-0.21;-0.173
-0.168;-0.11;-0.059;0.154
-0.225;-0.115;-0.134;-0.161
-0.234;-0.173;0.117;-0.215
-0.056;-0.254;-0.098;-0.112
-0.083;-0.173;0.012;-0.071
-0.032;-0.112;-0.01;-0.203
-0.129;-0.127;-0.22;-0.156
-0.112;-0.159;-0.31;0.017
-0.1;-0.168;-0.029;-0.322
-0.005;-0.291;0.112;-0.034
-0.103;-0.132;-0.166;-0.166
-0.161;-0.205;0.01;0.066
-0.105;-0.002;-0.317;-0.195
-0.09;-0.081;-0.154;0.229
-0.071;-0.029;-0.349;-0.083
-0.183;0.005;0.037;0.186
-0.217;-0.081;-0.151;-0.264
-0.139;-0.032;-0.044;-0.081
-0.1;-0.063;-0.31;-0.002
-0.247;0.02;-0.181;-0.168
-0.298;-0.247;-0.134;-0.168
-0.125;-0.232;0.225;-0.193
-0.098;-0.259;-0.049;-0.288
-0.068;-0.217;-0.352;-0.061
0.034;-0.193;-0.205;0.129
0.032;-0.232;-0.051;-0.198
-0.103;-0.291;0.017;-0.208
-0.034;-0.2;0.002;-0.178
0.022;-0.161;-0.186;-0.222
-0.068;-0.271;-0.212;0.029
-0.071;-0.122;-0.205;-0.129
-0.107;-0.029;-0.227;-0.31
-0.159;0.049;-0.063;-0.12
-0.137;0.056;0.032;-0.237
-0.208;-0.002;-0.154;-0.012
-0.142;-0.078;-0.232;-0.112
-0.203;-0.117;0.044;-0.015
-0.051;-0.229;-0.005;-0.188
-0.134;-0.188;-0.01;-0.112
-0.386;-0.146;-0.171;-0.205
-0.417;-0.005;-0.134;-0.049
-0.085;-0.105;0.029;-0.01
0.049;-0.298;-0.01;-0.176
-0.066;-0.32;-0.137;-0.156
-0.154;0.029;-0.188;-0.129
-0.261;-0.171;-0.134;-0.144
-0.037;-0.298;-0.142;-0.063
0.078;-0.232;-0.056;-0.042
-0.037;-0.093;-0.059;-0.11
-0.046;-0.012;-0.127;0.0
-0.105;-0.017;-0.2;-0.063
-0.098;-0.054;-0.112;-0.068
-0.2;-0.054;-0.056;-0.042
-0.181;0.005;-0.059;-0.159
-0.178;-0.044;-0.156;-0.183
-0.178;-0.107;-0.229;-0.039
-0.198;-0.056;-0.215;-0.024
-0.273;-0.037;-0.125;-0.056
-0.176;-0.134;-0.166;-0.088
-0.061;-0.127;-0.103;-0.217
-0.01;-0.159;-0.071;-0.098
-0.063;-0.056;-0.115;-0.139
-0.078;0.129;-0.161;-0.059
-0.085;-0.056;-0.173;-0.159
0.034;-0.171;-0.083;-0.212
0.037;-0.239;-0.115;-0.154
-0.015;-0.078;-0.129;-0.176
-0.032;-0.061;-0.1;-0.186
-0.002;-0.215;-0.125;-0.134
0.081;-0.129;-0.193;-0.132
-0.002;-0.21;-0.166;-0.171
-0.125;-0.125;-0.146;-0.159
-0.11;-0.088;-0.164;-0.142
-0.171;-0.178;-0.154;-0.183
-0.112;-0.107;-0.195;-0.071
-0.115;-0.139;-0.122;-0.068
-0.129;-0.222;-0.066;-0.259
-0.098;-0.042;-0.01;-0.151
-0.173;-0.054;-0.166;-0.09
-0.129;-0.063;-0.122;-0.181
-0.081;-0.093;-0.098;-0.217
-0.183;-0.125;0.076;-0.215
-0.015;-0.049;0.027;-0.142
-0.103;-0.222;-0.076;-0.076
-0.054;-0.129;-0.122;0.032
0.02;-0.247;-0.137;-0.081
-0.046;-0.154;-0.042;-0.181
-0.042;-0.159;-0.073;-0.068
-0.088;-0.183;-0.22;-0.039
-0.178;0.024;-0.22;-0.076
-0.085;-0.125;-0.112;-0.178
-0.007;-0.181;-0.103;-0.12
-0.105;-0.071;-0.088;-0.088
-0.212;0.085;-0.122;-0.056
-0.195;-0.027;-0.149;-0.122
-0.01;-0.09;-0.115;-0.137
-0.066;0.002;-0.037;-0.007
-0.21;-0.144;-0.054;-0.054
-0.393;-0.095;-0.012;-0.103
-0.388;-0.215;-0.017;-0.081
-0.127;0.269;-0.071;-0.093
-0.103;-0.144;-0.015;-0.159
0.12;-0.002;-0.027;-0.156
0.076;-0.2;-0.02;-0.017
0.017;0.012;-0.164;-0.239
-0.002;-0.205;-0.193;-0.227
0.002;-0.312;-0.105;-0.078
-0.056;-0.405;-0.032;-0.09
-0.134;-0.171;-0.093;-0.117
-0.132;-0.122;-0.186;0.029
-0.078;-0.173;-0.215;-0.073
-0.078;-0.129;-0.188;-0.059
0.059;-0.247;-0.056;-0.068
0.037;0.037;-0.095;-0.083
-0.244;-0.2;-0.183;-0.186
-0.156;-0.015;-0.186;-0.076
-0.142;-0.293;-0.151;-0.105
-0.32;-0.044;-0.127;-0.188
-0.283;-0.137;-0.129;-0.183
-0.208;-0.083;0.002;-0.066
-0.171;-0.156;-0.081;-0.166
-0.352;0.056;-0.105;-0.139
-0.254;-0.088;-0.166;-0.076
0.039;-0.159;-0.054;-0.024
-0.027;-0.315;-0.046;-0.21
0.071;-0.098;0.024;-0.239
-0.098;-0.232;-0.066;-0.134
-0.137;-0.161;-0.024;-0.02
-0.085;-0.105;-0.139;0.012
-0.059;-0.269;-0.212;0.095
-0.046;-0.137;-0.234;-0.081
-0.103;-0.159;-0.049;-0.073
-0.042;-0.085;-0.046;-0.22
0.002;-0.239;-0.181;-0.149
-0.12;-0.088;-0.208;-0.083
-0.081;0.02;-0.151;-0.134
-0.159;-0.068;-0.02;-0.061
-0.254;-0.02;-0.044;-0.176
-0.256;-0.015;-0.085;-0.066
-0.217;0.015;-0.173;-0.154
-0.283;-0.205;-0.034;-0.034
-0.237;-0.132;-0.081;-0.078
-0.188;-0.183;-0.083;-0.015
-0.142;-0.046;-0.129;-0.039
-0.222;-0.349;-0.071;-0.154
-0.007;-0.334;-0.007;-0.249
0.007;-0.298;-0.056;-0.232
-0.017;-0.002;-0.09;-0.149
-0.139;-0.029;-0.178;-0.107
-0.105;-0.188;-0.176;-0.188
-0.02;-0.103;-0.176;-0.208
0.056;-0.173;-0.027;-0.173
0.054;-0.127;-0.151;-0.139
-0.081;-0.142;-0.33;-0.085
-0.19;-0.083;-0.251;-0.01
-0.212;-0.229;-0.188;-0.078
-0.01;-0.12;-0.02;-0.161
-0.098;-0.142;-0.029;-0.239
-0.176;-0.078;-0.137;-0.215
-0.227;-0.151;-0.22;-0.168
-0.164;0.029;-0.149;-0.149
-0.129;-0.032;-0.044;-0.139
-0.146;-0.159;-0.083;-0.129
0.024;-0.193;-0.059;-0.11
0.002;-0.264;-0.11;0.046
-0.137;-0.11;-0.107;-0.02
-0.093;-0.256;-0.117;-0.071
0.032;-0.061;-0.081;-0.112
-0.149;-0.22;-0.081;-0.144
-0.198;-0.061;-0.081;-0.073
-0.076;-0.012;-0.2;-0.132
0.132;-0.125;-0.195;-0.115
0.142;-0.107;-0.085;-0.186
-0.034;0.022;-0.022;-0.093
-0.203;0.005;-0.01;-0.098
-0.261;-0.1;-0.076;-0.027
-0.129;-0.095;-0.061;-0.059
-0.078;-0.146;-0.054;-0.034
-0.103;-0.022;-0.107;-0.076
-0.261;-0.098;-0.115;-0.146
-0.337;-0.159;-0.044;-0.142
-0.276;-0.244;-0.054;-0.139
-0.364;-0.127;-0.054;-0.142
-0.264;-0.156;-0.054;-0.195
-0.027;-0.2;-0.078;-0.176
0.002;-0.244;-0.073;-0.059
-0.037;-0.181;-0.103;-0.105
-0.002;0.044;-0.046;-0.105
0.076;-0.278;-0.11;-0.137
0.098;-0.203;-0.161;-0.105
0.015;-0.479;-0.132;-0.183
-0.037;0.178;-0.137;-0.198
-0.242;-0.161;-0.164;-0.039
0.212;0.33;-0.198;0.112
0.361;-0.364;-0.239;-0.464
0.107;0.056;-0.146;-0.269
-0.295;0.046;-0.049;0.066
-0.488;0.142;-0.127;-0.066
-0.095;-0.349;-0.247;-0.254
0.178;-0.232;-0.071;0.037
-0.137;-0.295;-0.039;-0.19
-0.281;0.037;0.0;0.002
-0.588;-0.049;-0.293;0.027
-0.105;0.076;-0.146;-0.215
-0.002;0.032;0.044;-0.21
0.037;-0.044;0.21;-0.071
-0.159;0.005;-0.024;-0.068
-0.352;-0.142;-0.239;-0.083
-0.005;-0.151;-0.161;-0.037
0.144;-0.276;-0.083;-0.115
-0.098;-0.042;-0.002;-0.059
-0.256;-0.137;-0.159;0.005
-0.061;-0.19;-0.164;-0.054
0.176;-0.273;-0.22;-0.083
-0.088;-0.105;-0.081;-0.078
-0.176;0.068;-0.103;-0.11
-0.107;-0.295;-0.076;-0.105
-0.159;-0.256;-0.161;-0.166
-0.344;-0.103;-0.095;-0.2
-0.305;-0.039;-0.02;-0.088
-0.046;-0.005;-0.02;-0.103
-0.024;-0.166;-0.1;-0.09
-0.22;-0.071;-0.161;-0.173
-0.249;-0.173;-0.127;-0.139
-0.193;-0.107;-0.039;-0.068
-0.12;-0.222;-0.007;-0.149
-0.071;-0.093;-0.042;-0.19
-0.022;-0.129;-0.066;-0.21
-0.017;-0.142;-0.12;-0.173
-0.037;-0.227;-0.112;-0.054
0.066;-0.269;-0.171;-0.068
0.005;-0.129;-0.227;-0.115
-0.156;-0.032;-0.132;-0.068
-0.037;0.278;-0.066;-0.005
0.176;0.044;-0.139;-0.217
0.251;-0.039;-0.256;-0.151
-0.024;-0.127;-0.151;-0.02
-0.249;0.002;-0.161;-0.112
-0.291;-0.129;-0.19;-0.156
-0.181;-0.081;-0.164;-0.139
-0.271;0.017;-0.039;-0.286
-0.22;-0.012;-0.09;-0.132
-0.215;-0.212;-0.2;-0.017
-0.078;0.122;-0.19;-0.117
-0.078;-0.117;-0.129;-0.11
-0.059;0.01;0.005;-0.242
-0.081;-0.134;-0.054;-0.176
-0.049;-0.007;-0.144;-0.073
0.1;-0.315;-0.225;-0.068
0.188;-0.334;-0.132;-0.156
0.022;-0.154;0.071;-0.105
-0.146;-0.049;-0.066;-0.232
-0.232;-0.129;-0.117;-0.1
0.017;-0.256;-0.217;-0.044
-0.139;-0.208;-0.134;-0.156
-0.09;-0.127;-0.012;-0.095
-0.137;-0.164;-0.063;-0.076
0.034;-0.242;-0.139;-0.002
-0.085;-0.132;-0.159;-0.017
-0.278;0.093;-0.115;-0.063
-0.317;-0.059;-0.081;-0.171
-0.107;-0.271;-0.093;-0.234
-0.095;-0.098;-0.151;-0.159
-0.251;-0.024;-0.178;-0.154
-0.09;-0.286;-0.1;-0.105
-0.125;-0.269;-0.024;-0.183
-0.107;-0.254;0.007;-0.19
-0.083;-0.054;-0.066;-0.122
-0.051;-0.259;-0.186;-0.188
-0.1;-0.129;-0.054;-0.19
-0.039;-0.425;-0.076;-0.159
0.088;-0.193;-0.095;-0.156
0.017;-0.12;-0.156;-0.149
-0.269;-0.095;-0.142;-0.076
-0.142;-0.01;-0.154;-0.1
0.098;0.022;-0.146;-0.115
0.1;0.029;-0.068;-0.09
0.034;-0.125;-0.215;-0.315
0.0;-0.381;-0.117;-0.139
-0.254;-0.249;-0.103;-0.032
-0.554;0.022;-0.137;0.012
-0.447;-0.063;-0.161;-0.1
0.022;-0.269;-0.039;-0.059
-0.254;-0.254;-0.044;-0.227
-0.408;-0.01;-0.051;-0.032
-0.198;0.11;-0.168;-0.081
0.166;-0.139;-0.244;-0.251
0.134;-0.095;-0.066;-0.127
0.005;-0.237;-0.007;-0.044
-0.205;-0.164;-0.042;-0.193
-0.32;-0.374;-0.22;0.005
0.002;-0.291;-0.149;-0.117
0.105;-0.293;-0.037;-0.176
-0.027;-0.146;-0.112;-0.154
-0.286;0.046;-0.132;-0.056
-0.576;-0.051;-0.225;-0.088
-0.256;-0.151;-0.188;0.007
-0.107;-0.127;-0.198;-0.266
-0.129;-0.181;-0.034;-0.181
-0.034;-0.166;-0.083;0.037
0.061;-0.002;-0.195;-0.027
-0.366;0.085;-0.181;-0.112
-0.479;-0.078;-0.093;-0.017
-0.276;-0.354;0.027;-0.154
-0.273;-0.215;-0.022;-0.076
-0.234;-0.349;-0.154;-0.11
-0.01;-0.063;-0.103;-0.024
0.085;-0.12;-0.056;-0.283
-0.061;-0.068;-0.039;-0.168
-0.098;-0.2;-0.103;-0.095
0.098;-0.105;-0.161;-0.059
0.061;-0.02;-0.229;-0.208
-0.103;0.024;-0.088;-0.002
-0.022;-0.259;-0.107;-0.171
0.127;-0.11;-0.073;-0.146
-0.251;-0.408;-0.193;-0.034
-0.337;-0.276;-0.186;-0.112
-0.242;-0.115;-0.229;-0.125
-0.103;0.125;-0.144;-0.076
0.032;0.012;-0.125;-0.044
0.09;-0.063;-0.112;-0.376
0.066;-0.22;0.037;-0.137
-0.259;-0.168;-0.198;-0.029
-0.308;0.027;-0.232;0.071
-0.193;-0.007;-0.21;0.017
0.024;-0.144;0.017;-0.266
-0.244;-0.056;0.046;-0.232
-0.295;-0.002;-0.046;-0.137
-0.278;-0.2;-0.269;0.029
0.046;-0.217;-0.281;0.007
0.022;-0.093;-0.01;-0.22
-0.12;-0.105;0.151;-0.308
-0.312;-0.178;-0.005;-0.12
-0.071;-0.002;-0.366;0.063
0.09;-0.149;-0.393;0.002
0.168;-0.071;-0.176;0.017
-0.051;-0.034;0.02;-0.212
-0.178;0.151;0.02;-0.161
-0.205;-0.129;-0.212;-0.046
-0.176;-0.146;-0.303;-0.061
-0.071;-0.288;-0.19;-0.164
-0.046;-0.215;0.022;-0.085
-0.059;-0.107;0.015;-0.156
-0.149;-0.044;-0.068;-0.139
-0.286;-0.024;-0.171;-0.105
-0.229;-0.017;-0.139;-0.093
-0.203;-0.149;-0.066;-0.137
-0.007;-0.344;0.0;-0.122
0.125;-0.308;-0.042;-0.168
-0.115;-0.244;-0.129;-0.056
-0.098;-0.107;-0.21;-0.042
-0.049;-0.21;-0.144;-0.149
0.012;-0.32;-0.029;-0.188
0.2;-0.303;-0.056;-0.229
0.1;-0.149;-0.098;-0.125
-0.244;-0.178;-0.19;-0.085
-0.168;-0.271;-0.242;-0.076
-0.056;-0.208;-0.183;-0.107
-0.266;-0.112;-0.098;-0.195
-0.212;-0.1;-0.11;-0.151
0.112;-0.137;-0.173;-0.02
-0.112;-0.046;-0.217;-0.039
-0.371;-0.037;-0.2;-0.176
-0.256;-0.073;-0.073;-0.271
-0.239;-0.21;-0.039;-0.139
-0.298;-0.088;-0.105;-0.156
-0.315;-0.151;-0.125;-0.1
-0.122;-0.32;-0.173;-0.09
0.085;-0.247;-0.098;-0.034
-0.156;-0.044;-0.098;-0.051
-0.269;-0.112;-0.1;-0.039
-0.132;-0.156;-0.09;-0.056
0.02;-0.112;-0.159;-0.081
-0.015;-0.076;-0.164;-0.129
-0.054;-0.017;-0.095;-0.105
-0.095;-0.054;-0.127;-0.159
-0.139;0.095;-0.103;-0.183
-0.083;-0.024;-0.11;-0.146
-0.063;-0.063;-0.066;-0.149
-0.146;-0.22;-0.103;-0.068
-0.098;-0.186;-0.103;-0.002
0.032;-0.21;-0.122;0.049
-0.088;-0.1;-0.132;-0.144
-0.312;-0.002;-0.103;-0.02
-0.264;-0.093;-0.132;-0.076
-0.22;-0.034;-0.051;-0.146
-0.173;-0.034;-0.095;-0.129
-0.076;-0.144;-0.088;-0.21
0.027;-0.332;-0.051;-0.2
0.02;-0.298;-0.012;-0.229
-0.002;-0.112;-0.059;-0.134
0.017;-0.178;-0.142;-0.078
0.0;-0.195;-0.112;-0.049
-0.054;-0.305;-0.188;-0.11
-0.042;-0.103;-0.127;-0.085
-0.017;-0.281;-0.156;-0.063
-0.024;-0.259;-0.161;-0.042
0.01;-0.083;-0.178;-0.024
-0.12;0.022;-0.212;-0.117
-0.164;-0.024;-0.12;-0.134
-0.234;-0.007;-0.129;-0.146
-0.356;-0.068;-0.142;-0.117
-0.317;-0.063;-0.117;-0.154
-0.369;-0.09;-0.12;-0.12
-0.168;-0.085;-0.127;-0.154
-0.068;-0.1;-0.039;-0.095
-0.105;0.007;-0.078;-0.095
-0.1;-0.139;-0.139;-0.1
-0.056;-0.161;-0.183;-0.054
-0.085;-0.198;-0.129;-0.154
-0.002;-0.225;-0.066;-0.112
0.081;-0.164;-0.039;-0.2
0.015;-0.198;-0.12;-0.093
-0.12;-0.173;-0.186;-0.076
-0.073;-0.256;-0.127;-0.088
-0.085;-0.085;-0.112;-0.115
-0.083;-0.139;-0.144;-0.078
-0.149;-0.029;-0.181;-0.161
-0.129;0.037;-0.183;-0.178
-0.134;-0.269;-0.142;-0.176
-0.261;0.049;-0.21;-0.215
-0.354;-0.139;-0.125;-0.09
-0.183;0.181;-0.137;0.01
0.146;-0.107;-0.159;-0.242
0.046;0.073;-0.037;-0.273
-0.347;-0.205;0.046;0.01
-0.549;-0.156;-0.212;-0.173
-0.139;-0.256;-0.283;-0.115
0.02;-0.198;-0.088;0.061
-0.049;-0.154;0.002;-0.422
-0.178;-0.105;0.085;-0.139
-0.071;0.061;-0.168;-0.017
-0.012;-0.032;-0.251;-0.081
0.066;-0.393;-0.237;-0.154
0.159;-0.168;0.056;-0.107
-0.037;-0.393;-0.015;-0.295
-0.403;-0.081;-0.142;-0.083
-0.168;-0.203;-0.227;0.005
-0.017;-0.017;-0.127;-0.166
-0.127;-0.088;-0.09;-0.061
-0.239;0.076;0.0;-0.078
-0.107;0.049;-0.039;-0.127
-0.112;-0.3;-0.156;0.015
-0.227;-0.149;-0.212;-0.002
-0.215;0.01;0.005;-0.132
-0.176;0.027;0.017;-0.007
-0.078;-0.098;0.01;-0.137
-0.222;-0.073;-0.01;-0.22
-0.298;0.081;-0.098;-0.112
-0.015;-0.242;-0.137;-0.093
0.083;-0.195;-0.164;-0.112
-0.107;-0.305;-0.115;-0.027
-0.146;-0.012;-0.137;-0.103
-0.122;-0.085;-0.076;-0.044
-0.168;-0.105;-0.188;-0.105
-0.081;-0.159;-0.134;-0.125
0.015;-0.171;-0.151;-0.11
-0.007;-0.059;-0.103;-0.078
-0.332;-0.061;-0.149;-0.103
-0.229;0.176;-0.154;-0.015
-0.146;0.051;-0.186;-0.127
-0.044;-0.005;-0.151;-0.103
-0.139;-0.137;-0.11;-0.195
-0.273;-0.1;0.002;-0.007
-0.21;-0.173;-0.122;-0.107
-0.088;-0.254;-0.115;0.007
0.073;-0.4;-0.105;-0.166
-0.129;-0.334;0.061;-0.059
-0.244;-0.171;-0.046;-0.173
-0.012;-0.139;-0.095;-0.088
-0.159;-0.291;-0.19;-0.01
-0.029;-0.198;-0.051;-0.208
0.239;-0.103;0.054;-0.122
0.093;-0.322;-0.132;-0.042
-0.103;-0.288;-0.19;-0.039
-0.076;-0.039;-0.249;-0.098
0.022;-0.117;-0.054;-0.117
0.02;-0.271;-0.061;-0.225
-0.103;-0.176;-0.117;-0.137
-0.125;-0.266;-0.125;-0.098
-0.244;-0.288;-0.083;-0.149
-0.198;-0.061;-0.095;-0.144
-0.159;-0.066;-0.054;-0.1
-0.044;-0.01;-0.051;-0.037
-0.042;-0.02;-0.068;-0.056
-0.227;0.154;-0.188;-0.168
-0.225;-0.022;-0.051;-0.11
-0.103;-0.229;-0.054;-0.088
-0.027;-0.212;-0.027;-0.164
-0.09;-0.286;-0.068;-0.142
-0.295;-0.21;-0.098;-0.137
-0.129;-0.293;-0.081;-0.181
-0.154;-0.276;-0.146;-0.061
-0.12;-0.227;-0.227;-0.022
-0.093;-0.095;-0.261;-0.12
-0.044;-0.046;-0.137;-0.1
-0.117;-0.137;-0.208;-0.212
-0.205;-0.107;-0.098;-0.149
-0.132;-0.078;-0.142;-0.039
-0.149;-0.015;-0.198;-0.161
-0.254;-0.046;-0.161;-0.125
-0.237;-0.093;-0.129;-0.122
-0.054;-0.159;-0.112;-0.195
-0.083;-0.085;-0.132;-0.171
-0.244;0.029;-0.117;-0.122
-0.166;-0.212;-0.042;-0.117
-0.215;-0.142;-0.122;-0.068
-0.225;-0.251;-0.134;-0.1
-0.081;-0.244;-0.095;-0.171
0.056;-0.173;-0.068;-0.176
-0.1;-0.176;-0.107;-0.149
-0.134;-0.166;-0.112;-0.093
-0.183;-0.115;-0.144;-0.12
0.024;-0.271;-0.098;-0.171
0.134;-0.295;-0.073;-0.078
-0.01;-0.288;-0.085;-0.142
-0.078;-0.2;-0.1;-0.139
-0.078;-0.125;-0.166;-0.156
-0.144;-0.005;-0.181;-0.134
-0.056;-0.029;-0.09;-0.171
-0.09;-0.081;-0.034;-0.129
-0.154;-0.071;-0.039;-0.154
-0.31;0.095;-0.083;-0.076
-0.347;-0.017;-0.071;-0.181
-0.278;-0.227;-0.007;-0.12
-0.005;-0.212;-0.054;-0.09
-0.017;-0.149;0.042;-0.012
-0.112;-0.154;-0.039;-0.088
-0.151;-0.02;-0.081;-0.078
-0.051;-0.146;-0.112;-0.073
-0.129;-0.352;-0.046;-0.142
0.027;-0.283;-0.186;-0.146
-0.017;-0.237;-0.142;-0.076
-0.061;-0.105;-0.149;-0.186
-0.154;-0.11;-0.151;-0.159
-0.117;-0.1;-0.146;-0.176
-0.1;-0.391;-0.09;-0.146
-0.039;-0.305;-0.059;-0.081
-0.007;-0.19;-0.09;-0.164
-0.205;-0.015;-0.151;-0.068
-0.19;0.015;-0.156;-0.09
-0.276;-0.049;-0.151;-0.168
-0.242;-0.071;-0.171;-0.183
-0.242;-0.046;-0.054;-0.117
-0.146;-0.127;-0.066;-0.144
-0.005;-0.146;-0.081;-0.063
-0.151;-0.078;-0.212;-0.081
-0.322;-0.149;-0.198;-0.205
-0.154;-0.151;-0.056;-0.208
-0.044;-0.1;0.024;-0.21
-0.215;-0.215;-0.039;-0.173
-0.132;-0.029;-0.19;-0.09
0.049;-0.125;-0.181;-0.059
0.1;-0.112;-0.146;-0.049
-0.054;-0.203;-0.098;-0.129
-0.149;-0.149;-0.093;-0.115
-0.037;-0.183;-0.164;-0.078
-0.085;-0.139;-0.19;-0.046
-0.083;-0.002;-0.222;-0.107
-0.164;-0.051;-0.144;-0.107
-0.242;-0.078;-0.132;-0.115
-0.146;-0.139;-0.125;-0.076
-0.081;-0.112;-0.156;-0.078
-0.068;-0.144;-0.166;-0.146
-0.1;-0.129;-0.093;-0.103
-0.154;-0.095;-0.049;-0.112
-0.112;-0.054;-0.098;-0.178
-0.103;-0.115;-0.105;-0.093
-0.056;-0.227;-0.125;-0.071
-0.022;-0.085;-0.068;-0.071
-0.083;0.09;-0.071;-0.09
-0.291;0.0;-0.037;-0.142
-0.256;0.073;-0.017;-0.183
-0.098;-0.046;-0.117;-0.125
-0.039;-0.085;-0.21;-0.037
-0.078;-0.022;-0.249;-0.103
0.061;-0.068;-0.168;-0.11
-0.002;-0.122;-0.054;-0.137
-0.229;-0.012;-0.083;-0.11
-0.366;-0.027;-0.19;-0.12
-0.251;-0.227;-0.203;-0.125
-0.078;-0.227;-0.09;-0.081
-0.186;-0.115;-0.056;-0.198
-0.164;-0.005;-0.088;-0.076
0.071;-0.083;-0.171;-0.068
-0.042;-0.312;-0.144;-0.034
-0.22;0.129;-0.073;-0.129
-0.22;0.093;-0.095;-0.12
-0.088;-0.203;-0.134;-0.151
-0.017;-0.356;-0.149;-0.085
0.051;-0.071;-0.168;-0.31
-0.156;-0.2;-0.044;-0.151
-0.161;-0.354;-0.288;-0.229
-0.071;-0.078;-0.19;-0.022
0.029;-0.134;-0.132;-0.161
0.0;-0.11;-0.037;-0.269
-0.105;-0.151;-0.129;-0.3
0.012;0.073;-0.103;-0.059
-0.022;-0.186;-0.259;-0.088
0.107;-0.212;-0.171;-0.288
0.061;-0.149;-0.076;-0.156
-0.171;-0.303;-0.056;-0.254
-0.33;-0.208;-0.085;-0.059
-0.1;0.037;-0.227;-0.046
-0.161;-0.264;-0.164;-0.222
-0.054;-0.181;-0.127;-0.212
-0.105;-0.105;-0.051;-0.171
-0.085;0.044;-0.044;-0.063
-0.012;-0.312;-0.134;-0.061
-0.186;0.0;-0.081;-0.11
-0.308;-0.115;-0.068;-0.122
-0.173;-0.249;-0.076;-0.059
0.122;-0.276;-0.059;-0.144
0.122;-0.178;-0.144;-0.103
-0.198;-0.103;-0.107;-0.032
-0.283;0.1;-0.076;-0.12
-0.044;-0.117;-0.085;-0.076
0.005;-0.2;-0.098;-0.088
0.012;-0.051;-0.083;-0.12
-0.112;0.0;-0.073;-0.044
-0.198;-0.149;-0.117;0.012
-0.142;-0.19;-0.146;-0.088
-0.051;-0.134;-0.12;-0.11
-0.017;0.002;-0.073;-0.112
-0.168;-0.09;-0.081;-0.134
-0.266;-0.061;-0.161;-0.112
-0.09;-0.085;-0.129;-0.039
-0.056;-0.129;-0.139;-0.127
-0.032;-0.271;-0.085;-0.142
-0.125;0.029;-0.12;-0.11
-0.042;-0.088;-0.081;-0.103
0.015;-0.149;-0.151;-0.154
0.042;0.054;-0.117;-0.107
-0.151;-0.11;-0.156;-0.11
-0.005;-0.229;-0.09;-0.105
-0.037;-0.166;-0.146;-0.176
-0.205;-0.215;-0.063;-0.068
-0.11;-0.215;-0.161;-0.103
-0.046;-0.205;-0.195;-0.112
-0.122;-0.007;-0.149;-0.098
-0.127;-0.083;-0.088;-0.115
0.059;-0.049;-0.088;-0.178
0.049;-0.198;-0.083;-0.173
-0.015;-0.046;-0.129;-0.212
-0.176;-0.032;-0.156;-0.122
-0.149;-0.105;-0.168;-0.073
-0.212;-0.046;-0.054;-0.122
-0.125;-0.037;-0.061;-0.103
-0.076;0.034;-0.056;-0.063
-0.164;-0.129;-0.181;-0.046
-0.271;-0.227;-0.112;-0.073
-0.049;-0.293;-0.093;-0.122
-0.029;-0.154;-0.054;-0.217
-0.1;-0.168;-0.024;-0.105
-0.068;-0.078;-0.139;-0.129
-0.093;-0.09;-0.112;-0.132
-0.103;-0.2;-0.117;-0.117
-0.046;-0.225;-0.068;-0.105
-0.095;-0.024;0.005;-0.129
-0.125;-0.12;-0.09;-0.044
-0.044;-0.095;-0.227;-0.078
0.01;-0.015;-0.151;-0.159
-0.198;-0.061;-0.149;-0.11
-0.168;-0.144;-0.095;-0.12
-0.227;-0.139;-0.112;-0.125
-0.171;-0.095;-0.151;-0.137
-0.293;-0.085;-0.095;-0.134
-0.239;-0.005;-0.076;-0.129
-0.347;-0.029;-0.156;-0.137
-0.217;0.0;-0.09;-0.051
-0.112;-0.059;-0.125;-0.054
0.032;-0.127;-0.042;-0.088
-0.061;-0.078;-0.129;-0.234
-0.073;-0.244;-0.081;-0.134
-0.098;-0.154;-0.156;-0.085
-0.061;-0.024;-0.144;-0.083
-0.071;-0.173;-0.256;-0.066
-0.046;-0.332;-0.171;-0.142
-0.054;-0.134;-0.149;-0.137
-0.212;-0.154;-0.186;-0.146
-0.254;-0.127;-0.159;-0.159
-0.068;-0.044;-0.166;-0.132
-0.029;-0.149;-0.215;-0.22
-0.129;-0.078;-0.171;-0.142
-0.146;-0.2;-0.171;-0.21
-0.068;-0.054;-0.115;-0.125
-0.161;-0.02;-0.103;-0.151
-0.249;-0.015;-0.054;-0.09
-0.278;-0.085;-0.173;-0.117
-0.215;-0.273;-0.029;-0.061
-0.125;-0.09;-0.027;-0.127
-0.125;-0.171;-0.095;-0.122
-0.12;-0.151;-0.098;-0.115
-0.005;-0.137;-0.12;-0.098
-0.02;-0.107;-0.093;-0.083
-0.051;-0.095;-0.066;-0.093
-0.1;-0.066;-0.09;-0.1
-0.024;-0.151;-0.12;-0.112
-0.034;-0.271;-0.215;-0.015
0.012;-0.232;-0.166;-0.029
-0.183;-0.117;-0.093;-0.088
-0.234;0.032;-0.098;-0.029
-0.139;-0.117;-0.117;0.015
-0.02;-0.151;-0.115;-0.027
-0.09;-0.056;-0.073;-0.081
-0.259;0.044;-0.09;-0.049
-0.269;-0.098;-0.073;-0.093
-0.205;-0.105;-0.103;-0.156
-0.315;-0.12;-0.044;-0.151
-0.283;-0.168;-0.059;-0.144
-0.183;-0.154;-0.078;-0.105
-0.098;-0.208;-0.071;-0.127
-0.212;-0.093;-0.076;-0.115
-0.166;-0.139;-0.127;-0.063
-0.071;-0.134;-0.127;-0.012
-0.134;-0.176;-0.093;-0.081
-0.171;-0.027;-0.042;-0.149
-0.027;-0.063;-0.103;-0.139
-0.015;-0.183;-0.098;-0.093
-0.144;-0.11;-0.132;-0.049
-0.208;-0.2;-0.103;-0.095
-0.076;-0.161;-0.093;-0.032
-0.125;-0.142;-0.1;-0.076
-0.098;-0.044;-0.178;0.029
-0.01;-0.071;-0.232;-0.034
0.012;-0.176;-0.176;-0.015
-0.181;-0.205;-0.142;-0.01
-0.237;-0.01;-0.054;-0.134
-0.225;-0.054;-0.139;-0.122
-0.269;-0.149;-0.232;-0.093
-0.149;0.002;-0.11;-0.061
-0.105;0.024;-0.024;-0.173
-0.156;0.002;-0.088;-0.117
-0.107;0.11;-0.002;-0.037
-0.195;-0.117;-0.044;-0.027
-0.095;-0.068;0.007;-0.156
-0.056;-0.203;0.042;-0.2
-0.156;-0.264;0.007;-0.12
0.032;-0.183;-0.12;0.164
0.0;-0.142;-0.225;-0.073
-0.205;-0.071;0.007;-0.173
-0.103;-0.063;-0.007;0.063
0.007;-0.146;-0.237;-0.002
0.002;-0.332;-0.193;0.21
-0.01;-0.107;-0.217;-0.093
-0.212;-0.117;-0.034;-0.188
-0.171;-0.11;-0.181;-0.188
-0.154;-0.144;-0.068;0.063
-0.178;-0.081;-0.217;-0.269
-0.071;-0.078;0.012;0.044
-0.161;-0.146;-0.132;-0.098
-0.088;-0.088;0.039;-0.369
-0.225;-0.059;-0.022;0.149
-0.127;-0.144;-0.291;-0.374
-0.005;-0.032;-0.168;-0.249
0.037;-0.063;-0.173;-0.293
-0.146;-0.173;0.054;-0.037
-0.127;-0.144;-0.039;-0.286
0.0;-0.188;-0.012;0.183
-0.066;-0.139;-0.361;-0.298
-0.181;-0.142;-0.09;0.093
-0.129;0.005;-0.325;-0.271
-0.103;-0.073;-0.088;-0.381
-0.061;0.0;-0.178;-0.234
-0.176;-0.059;-0.11;0.166
-0.178;-0.215;-0.234;-0.237
-0.081;-0.298;-0.017;0.229
-0.112;-0.093;-0.303;-0.234
-0.239;0.042;-0.054;-0.227
-0.19;0.049;-0.029;-0.371
-0.159;-0.19;0.098;-0.327
-0.151;-0.168;-0.12;-0.3
-0.195;-0.115;0.142;0.288
-0.232;-0.098;-0.242;-0.044
-0.127;-0.068;-0.027;0.464
-0.176;-0.183;-0.33;0.046
0.022;-0.261;0.068;-0.273
0.11;-0.085;-0.176;-0.283
0.005;-0.195;-0.027;0.103
-0.085;-0.088;-0.293;-0.293
-0.073;-0.227;-0.037;-0.088
-0.01;0.034;-0.015;-0.132
-0.044;0.01;0.076;-0.349
-0.071;-0.063;0.005;0.02
-0.027;-0.071;-0.33;-0.044
-0.032;-0.105;-0.156;0.1
-0.168;-0.029;-0.125;0.002
-0.342;0.027;-0.073;0.007
-0.186;-0.029;-0.176;0.156
-0.181;0.029;-0.266;-0.066
-0.195;-0.063;-0.049;-0.081
-0.181;-0.012;-0.007;-0.127
-0.002;-0.103;0.154;0.039
0.002;-0.029;-0.095;-0.081
-0.161;-0.024;-0.059;0.098
-0.183;0.046;-0.225;-0.22
-0.173;-0.022;-0.029;-0.271
-0.059;-0.061;-0.051;-0.227
-0.027;-0.332;-0.007;-0.127
-0.032;-0.149;-0.171;-0.029
-0.181;0.049;-0.144;-0.02
-0.183;-0.171;-0.173;-0.063
0.0;-0.112;-0.159;-0.051
0.061;-0.09;-0.134;-0.005
0.049;0.01;-0.237;-0.195
0.024;-0.286;-0.115;-0.261
-0.154;-0.271;-0.049;-0.222
-0.432;-0.19;-0.007;-0.312
-0.315;-0.078;-0.149;-0.356
-0.127;-0.208;-0.239;-0.239
-0.105;-0.261;-0.171;-0.237
-0.278;-0.183;-0.017;-0.071
-0.237;-0.088;-0.076;-0.217
-0.122;-0.164;-0.056;-0.093
-0.078;-0.271;-0.12;-0.007
-0.01;-0.161;-0.044;0.166
-0.134;-0.127;-0.264;0.007
-0.254;-0.11;-0.149;0.176
-0.208;-0.049;-0.164;-0.007
-0.125;-0.171;-0.027;-0.225
-0.017;-0.298;-0.088;-0.137
-0.059;-0.212;-0.181;-0.112
-0.251;-0.037;-0.098;-0.156
-0.125;-0.039;-0.066;-0.005
-0.09;-0.056;-0.137;-0.166
-0.151;-0.056;-0.105;-0.33
-0.239;-0.286;-0.032;-0.024
-0.244;-0.188;-0.122;0.049
-0.22;0.061;-0.059;0.115
-0.146;-0.022;-0.122;-0.046
-0.186;-0.122;-0.034;-0.376
-0.259;-0.11;-0.02;-0.19
-0.339;-0.173;-0.134;-0.071
-0.061;-0.186;-0.203;-0.1
0.049;-0.308;-0.098;-0.271
0.054;-0.137;0.046;-0.31
-0.168;0.034;0.002;-0.242
-0.3;0.017;-0.232;0.042
-0.2;-0.112;-0.264;-0.083
0.049;-0.073;-0.127;-0.205
-0.012;-0.071;-0.103;-0.198
0.061;-0.183;-0.171;-0.115
0.042;-0.254;-0.2;-0.093
-0.032;-0.181;-0.281;-0.032
-0.193;-0.244;-0.171;-0.107
-0.049;-0.076;-0.054;-0.166
0.032;-0.061;-0.042;-0.234
-0.078;-0.1;-0.2;-0.203
-0.142;-0.122;-0.193;-0.085
-0.21;-0.02;-0.156;-0.076
-0.215;-0.137;-0.002;-0.154
-0.176;-0.137;-0.054;-0.044
-0.034;-0.139;-0.171;-0.039
-0.137;-0.024;-0.178;-0.066
-0.193;-0.034;-0.088;0.005
-0.225;-0.029;0.02;-0.063
-0.139;-0.188;0.029;-0.176
-0.054;-0.168;-0.112;-0.125
-0.039;-0.024;-0.132;-0.198
-0.229;-0.049;-0.186;-0.129
-0.088;-0.127;-0.076;-0.159
-0.098;-0.149;-0.1;-0.098
-0.127;-0.093;-0.09;0.0
-0.088;-0.002;-0.12;-0.02
-0.01;-0.127;-0.161;-0.151
-0.112;-0.002;-0.012;-0.105
-0.154;-0.056;-0.054;-0.081
-0.19;-0.173;-0.071;-0.164
-0.203;-0.217;-0.1;-0.156
-0.132;-0.085;-0.022;-0.137
-0.142;-0.015;-0.063;-0.095
-0.125;0.024;-0.056;-0.166
-0.178;-0.085;-0.11;-0.127
-0.127;-0.071;-0.12;-0.115
-0.002;-0.078;-0.171;-0.093
-0.103;-0.061;-0.105;-0.051
-0.132;-0.115;-0.071;-0.168
-0.083;-0.137;-0.103;-0.029
-0.1;-0.1;-0.056;-0.112
-0.222;-0.095;-0.032;-0.122
-0.293;-0.063;-0.117;-0.186
-0.156;-0.264;-0.137;-0.205
-0.032;-0.181;-0.076;-0.21
-0.005;-0.066;-0.105;-0.195
0.012;-0.083;-0.085;-0.142
-0.083;-0.144;-0.251;-0.117
-0.017;-0.078;-0.234;-0.042
0.085;-0.061;-0.225;-0.1
0.02;-0.115;-0.161;-0.066
-0.024;-0.2;-0.239;0.076
-0.146;-0.105;-0.271;0.044
-0.056;-0.198;-0.176;-0.112
-0.156;-0.139;-0.171;-0.056
-0.254;-0.085;-0.144;-0.107
-0.178;-0.176;-0.127;-0.161
-0.076;-0.181;-0.073;-0.178
-0.107;-0.027;-0.054;-0.212
-0.232;-0.01;-0.107;-0.098
-0.095;-0.159;-0.112;-0.142
-0.002;-0.188;-0.088;-0.12
-0.032;-0.107;-0.103;-0.127
-0.1;-0.127;-0.098;-0.151
-0.093;-0.3;-0.085;-0.078
-0.159;-0.156;-0.142;-0.078
-0.205;-0.059;-0.134;-0.032
-0.115;-0.002;-0.181;0.002
-0.037;0.002;-0.098;-0.105
-0.039;-0.01;-0.01;-0.146
-0.144;-0.01;-0.095;-0.151
-0.132;-0.127;-0.088;-0.188
-0.195;-0.21;-0.161;-0.149
-0.024;-0.181;-0.056;-0.183
-0.051;-0.156;-0.083;-0.129
-0.198;-0.049;-0.098;-0.056
-0.237;-0.059;-0.156;-0.129
-0.242;-0.078;-0.088;-0.002
-0.21;-0.217;-0.073;-0.037
-0.208;-0.22;-0.056;-0.042
-0.166;-0.095;-0.029;-0.149
-0.156;-0.115;-0.029;-0.168
-0.205;-0.105;-0.071;-0.234
-0.012;-0.173;-0.027;-0.273
0.159;-0.254;-0.083;-0.33
0.088;-0.288;-0.085;-0.146
-0.127;-0.198;-0.151;-0.117
-0.168;-0.063;-0.146;-0.164
-0.127;-0.122;-0.168;-0.1
-0.049;-0.125;-0.11;-0.037
-0.071;-0.032;-0.139;0.02
-0.076;-0.017;-0.129;-0.066
-0.112;-0.1;-0.173;-0.156
-0.034;-0.005;-0.132;-0.051
-0.09;-0.01;-0.173;-0.171
-0.276;0.081;-0.19;-0.12
-0.198;0.112;-0.193;-0.056
-0.09;-0.093;-0.21;-0.063
-0.039;-0.215;-0.117;-0.183
-0.122;-0.205;-0.083;-0.007
-0.247;-0.027;-0.149;-0.007
-0.161;-0.193;-0.188;0.083
-0.132;-0.039;-0.139;-0.146
-0.056;-0.244;-0.112;-0.227
-0.11;-0.142;-0.049;-0.278
-0.027;-0.029;-0.024;-0.273
0.09;-0.022;-0.037;-0.085
-0.029;-0.122;-0.146;-0.073
-0.178;-0.081;-0.166;-0.112
-0.127;-0.015;-0.081;0.0
-0.039;-0.129;-0.139;-0.059
-0.156;-0.081;-0.061;-0.007
-0.176;-0.132;-0.154;-0.022
-0.051;-0.144;-0.012;-0.168
-0.178;-0.186;-0.012;-0.173
-0.203;-0.081;-0.002;-0.083
-0.171;0.027;-0.098;-0.173
-0.085;-0.034;-0.095;-0.161
-0.242;-0.203;-0.037;-0.278
-0.061;-0.212;0.054;-0.181
-0.042;-0.093;-0.02;-0.205
-0.127;-0.061;-0.105;-0.222
-0.166;-0.146;0.0;-0.154
-0.056;-0.259;-0.085;-0.161
-0.024;-0.156;-0.049;0.042
-0.095;-0.146;-0.269;-0.027
-0.037;-0.269;-0.237;-0.1
-0.002;-0.339;-0.166;-0.151
-0.117;-0.134;-0.042;-0.21
-0.234;0.032;-0.061;-0.154
-0.142;-0.093;-0.276;-0.156
-0.176;-0.117;-0.193;-0.168
-0.105;-0.222;-0.1;-0.176
-0.222;-0.237;-0.002;-0.222
-0.234;-0.146;-0.098;-0.046
-0.171;-0.012;-0.171;-0.044
-0.181;-0.149;-0.149;-0.051
-0.134;-0.073;-0.139;-0.154
-0.188;-0.073;-0.071;0.005
-0.132;-0.134;-0.234;-0.068
0.076;-0.156;-0.239;-0.007
-0.051;-0.103;-0.232;-0.234
-0.239;0.056;-0.054;-0.276
-0.281;-0.098;-0.071;-0.149
-0.125;-0.193;-0.1;-0.068
-0.088;-0.166;-0.154;-0.012
-0.105;-0.103;-0.132;-0.078
0.002;-0.112;-0.171;-0.127
-0.015;-0.127;-0.19;-0.044
-0.166;0.054;-0.264;-0.034
-0.188;-0.01;-0.249;-0.115
-0.054;-0.12;-0.085;-0.156
-0.142;-0.115;-0.095;-0.059
-0.278;-0.149;-0.054;-0.027
-0.237;-0.203;-0.076;-0.061
-0.122;-0.286;0.005;-0.093
-0.281;-0.002;-0.024;-0.164
-0.493;0.061;-0.071;-0.076
-0.339;0.017;-0.203;-0.032
-0.1;-0.11;-0.205;-0.09
-0.112;-0.208;-0.076;-0.103
-0.032;-0.244;-0.024;-0.037
0.068;-0.132;0.015;-0.122
-0.154;-0.156;-0.12;-0.098
-0.247;-0.259;-0.129;0.02
-0.212;-0.264;-0.127;-0.085
-0.234;-0.239;0.024;-0.142
-0.129;-0.22;-0.01;-0.354
-0.01;-0.3;-0.056;-0.193
-0.034;-0.134;-0.232;-0.117
-0.176;-0.056;-0.227;-0.081
-0.149;-0.168;-0.171;-0.081
-0.012;-0.051;-0.134;-0.149
-0.049;-0.007;-0.225;-0.264
-0.232;0.166;-0.195;-0.095
-0.051;-0.188;-0.107;-0.081
-0.046;-0.103;-0.063;-0.083
-0.33;-0.21;-0.132;-0.2
-0.305;-0.227;-0.144;-0.186
-0.19;-0.203;-0.122;-0.132
-0.154;-0.085;-0.068;-0.066
-0.156;-0.073;-0.112;-0.037
-0.022;-0.117;-0.134;-0.098
0.032;-0.059;-0.186;-0.129
-0.029;-0.156;-0.195;-0.078
0.012;-0.122;-0.203;0.11
-0.024;-0.112;-0.149;0.059
-0.107;0.054;-0.183;-0.056
-0.283;-0.029;-0.151;-0.132
-0.129;-0.122;-0.225;-0.168
0.01;-0.251;-0.168;0.007
-0.032;-0.024;-0.137;-0.117
-0.327;0.002;-0.139;-0.161
-0.356;0.049;-0.076;-0.181
-0.286;-0.208;-0.068;-0.015
-0.117;-0.024;-0.02;-0.142
-0.076;-0.078;-0.078;-0.127
-0.02;-0.046;-0.151;-0.156
-0.046;-0.02;-0.112;-0.068
-0.239;-0.068;-0.146;-0.066
-0.132;-0.146;-0.159;-0.024
-0.088;-0.081;-0.198;-0.129
0.022;-0.366;-0.042;-0.161
0.007;-0.237;-0.081;-0.146
-0.037;-0.132;-0.125;-0.234
-0.073;-0.115;-0.222;-0.139
-0.073;-0.125;-0.132;-0.217
-0.007;-0.237;-0.088;-0.247
0.051;-0.242;-0.076;-0.134
-0.022;-0.303;-0.11;-0.112
0.005;-0.251;-0.21;-0.105
-0.154;-0.11;-0.195;-0.103
-0.09;-0.078;-0.117;-0.195
-0.11;-0.002;-0.034;-0.129
-0.298;-0.151;-0.168;-0.024
-0.09;-0.222;-0.3;-0.078
0.017;-0.098;-0.237;-0.098
-0.171;-0.09;-0.042;-0.237
-0.283;-0.181;-0.005;-0.176
-0.288;-0.105;-0.056;-0.249
-0.273;-0.098;-0.146;-0.215
-0.149;-0.229;-0.166;-0.178
0.159;-0.083;-0.1;-0.081
-0.066;-0.002;-0.117;-0.042
-0.239;0.051;-0.149;-0.134
-0.12;-0.154;-0.166;-0.002
0.0;-0.208;-0.176;-0.044
-0.154;-0.222;-0.122;-0.088
-0.195;-0.21;-0.144;-0.142
-0.105;-0.247;-0.112;-0.103
0.034;-0.281;-0.122;-0.146
-0.044;0.007;-0.027;-0.19
-0.261;-0.027;-0.134;-0.129
-0.249;-0.042;-0.134;-0.127
-0.134;-0.107;-0.181;-0.051
-0.105;0.027;-0.298;-0.139
-0.132;-0.054;-0.115;0.015
-0.144;-0.01;-0.068;-0.029
-0.254;-0.015;-0.083;0.01
-0.19;-0.049;-0.154;-0.071
-0.01;-0.154;-0.034;-0.032
-0.029;-0.244;-0.029;-0.166
-0.078;-0.193;0.002;-0.21
0.046;-0.132;-0.105;-0.266
0.117;-0.134;-0.068;-0.142
-0.01;-0.093;-0.195;-0.129
-0.098;-0.107;-0.227;-0.164
-0.176;-0.049;-0.234;-0.09
-0.095;-0.081;-0.127;-0.137
-0.002;-0.266;-0.129;-0.122
0.046;-0.269;-0.125;-0.044
-0.107;-0.085;-0.125;-0.066
-0.188;0.044;-0.212;-0.137
-0.134;-0.081;-0.103;-0.156
-0.12;-0.1;-0.107;-0.166
-0.193;-0.095;-0.073;-0.137
-0.168;0.037;-0.037;-0.078
-0.09;-0.151;-0.11;-0.161
0.078;-0.264;-0.168;-0.09
0.044;-0.139;-0.146;-0.122
-0.134;0.081;-0.02;0.027
-0.215;0.024;-0.073;-0.044
-0.127;-0.12;-0.117;-0.103
-0.081;-0.222;-0.227;-0.166
-0.139;-0.229;-0.054;-0.088
-0.232;-0.195;-0.176;0.027
-0.022;-0.178;-0.217;-0.176
0.066;-0.088;-0.125;-0.129
-0.037;-0.068;-0.103;-0.188
0.059;-0.154;-0.076;-0.083
0.039;-0.117;-0.188;-0.085
-0.078;-0.12;-0.159;-0.063
-0.054;-0.129;-0.134;-0.054
-0.105;-0.088;-0.095;-0.054
-0.027;-0.085;-0.173;-0.017
-0.271;-0.051;-0.242;0.002
-0.256;-0.166;-0.134;-0.066
-0.234;-0.044;-0.078;-0.164
-0.283;-0.068;-0.034;-0.11
-0.198;-0.049;-0.146;-0.142
-0.09;-0.151;-0.178;-0.117
-0.071;-0.149;-0.151;-0.164
-0.176;-0.21;-0.032;-0.2
-0.134;-0.132;0.039;-0.151
-0.112;-0.007;-0.032;-0.034
-0.02;-0.11;-0.161;-0.044
-0.098;-0.085;-0.2;-0.007
-0.203;-0.154;-0.081;-0.078
-0.132;-0.149;-0.032;-0.183
0.017;-0.232;-0.117;-0.146
-0.005;-0.088;-0.205;-0.066
-0.015;-0.02;-0.237;-0.137
-0.125;-0.103;-0.168;-0.227
-0.127;-0.115;-0.002;-0.156
-0.054;-0.046;0.012;-0.146
-0.012;-0.293;-0.081;-0.19
-0.166;-0.039;-0.09;-0.044
-0.188;-0.154;-0.129;-0.083
-0.19;-0.005;-0.056;-0.149
-0.12;-0.054;-0.088;-0.093
-0.073;0.022;-0.125;-0.027
-0.127;-0.051;-0.168;-0.044
-0.061;-0.225;-0.115;-0.107
0.049;-0.115;-0.063;-0.173
-0.083;-0.273;-0.061;-0.134
-0.061;-0.198;-0.037;-0.12
0.046;-0.186;-0.151;-0.105
0.0;-0.051;-0.144;-0.151
-0.161;-0.139;-0.19;-0.208
-0.215;-0.112;-0.122;-0.156
-0.164;-0.02;-0.151;-0.171
-0.02;-0.046;-0.137;-0.044
0.039;-0.122;-0.156;-0.017
-0.159;-0.154;-0.11;-0.024
-0.288;0.066;-0.122;0.01
-0.222;-0.09;-0.093;-0.002
-0.2;-0.12;-0.103;-0.139
-0.188;-0.039;-0.068;-0.1
-0.276;-0.137;-0.076;-0.139
-0.134;-0.142;-0.173;-0.195
-0.144;-0.146;-0.115;-0.149
-0.127;-0.044;-0.12;-0.1
-0.12;0.063;-0.11;-0.115
-0.1;-0.132;-0.149;-0.198
-0.088;-0.225;-0.059;-0.129
0.054;-0.242;-0.024;-0.088
-0.051;-0.1;-0.093;-0.046
-0.078;-0.305;-0.095;-0.054
0.115;-0.215;-0.098;-0.142
0.024;-0.215;-0.095;-0.142
-0.085;-0.129;-0.19;-0.139
-0.063;-0.137;-0.247;-0.081
-0.081;-0.151;-0.193;-0.1
-0.042;-0.061;-0.112;-0.11
0.02;-0.012;-0.115;-0.061
-0.015;-0.166;-0.154;-0.078
-0.017;-0.156;-0.12;-0.056
-0.12;-0.007;-0.085;-0.217
-0.227;0.085;-0.127;-0.122
-0.2;-0.09;-0.164;-0.151
-0.11;-0.261;-0.144;-0.122
-0.166;-0.369;-0.164;-0.173
-0.322;-0.151;-0.1;-0.181
-0.259;-0.151;-0.022;-0.239
-0.054;-0.017;-0.054;-0.166
0.015;-0.071;-0.029;-0.244
-0.029;-0.083;-0.024;-0.217
-0.1;-0.081;-0.127;-0.193
-0.103;-0.112;-0.117;-0.037
-0.046;-0.239;-0.181;0.005
-0.037;-0.156;-0.208;-0.076
-0.105;-0.183;-0.156;-0.129
-0.22;-0.088;-0.054;-0.11
-0.322;-0.1;-0.105;0.027
-0.339;-0.066;-0.205;-0.061
-0.156;-0.103;-0.237;0.073
-0.112;-0.134;-0.149;-0.039
-0.19;-0.022;-0.076;-0.166
-0.266;-0.12;-0.071;-0.183
-0.144;-0.195;-0.112;-0.117
-0.112;-0.127;-0.154;-0.137
-0.347;-0.156;-0.039;-0.09
-0.208;-0.051;0.0;-0.125
-0.068;-0.183;0.032;-0.195
-0.056;-0.237;-0.068;-0.208
-0.061;-0.149;-0.063;-0.22
-0.059;-0.042;-0.139;-0.154
0.049;-0.159;-0.051;-0.103
-0.002;-0.19;-0.027;-0.222
-0.176;-0.112;-0.1;-0.195
-0.222;-0.112;-0.237;-0.161
-0.007;-0.068;-0.117;0.037
-0.117;-0.105;-0.11;-0.115
-0.137;-0.142;-0.12;-0.12
-0.256;-0.105;-0.195;-0.059
-0.198;-0.103;-0.134;0.024
-0.139;-0.022;-0.132;-0.071
-0.103;-0.085;-0.159;-0.022
-0.09;-0.027;-0.056;-0.076
-0.249;-0.049;-0.027;-0.176
-0.293;0.002;-0.071;-0.059
-0.105;-0.322;-0.073;-0.044
0.068;-0.3;-0.059;-0.225
-0.088;-0.085;-0.059;-0.303
-0.242;-0.015;-0.154;-0.129
-0.359;-0.083;-0.173;-0.042
-0.151;-0.154;-0.181;-0.073
-0.002;-0.059;-0.132;-0.125
0.176;-0.222;-0.156;-0.068
0.137;-0.042;-0.022;-0.11
-0.083;-0.127;-0.078;-0.076
-0.059;-0.176;-0.085;-0.088
0.007;-0.256;-0.095;-0.146
-0.078;-0.073;-0.051;-0.132
-0.317;-0.134;-0.076;-0.151
-0.125;-0.137;-0.21;-0.085
0.024;-0.034;-0.151;-0.122
-0.164;-0.142;-0.149;-0.078
-0.186;-0.088;-0.051;-0.034
-0.098;-0.164;-0.134;-0.098
-0.039;-0.232;-0.093;-0.168
-0.203;-0.251;-0.112;-0.115
-0.107;-0.095;-0.112;-0.215
-0.081;-0.154;-0.09;-0.017
-0.173;-0.193;-0.176;-0.007
-0.183;-0.254;-0.11;-0.21
0.103;-0.232;-0.059;-0.364
0.137;-0.193;-0.012;-0.098
-0.056;-0.188;-0.166;-0.09
0.017;-0.042;-0.195;0.09
0.015;-0.068;-0.203;-0.132
-0.01;0.017;0.12;-0.137
-0.1;-0.054;-0.005;-0.203
-0.125;-0.242;-0.232;-0.037
-0.139;-0.129;-0.361;-0.017
-0.222;0.068;-0.142;-0.129
-0.081;0.09;0.012;-0.195
-0.098;-0.081;-0.005;-0.078
0.034;-0.142;-0.073;-0.059
-0.222;-0.085;-0.066;0.032
-0.3;0.112;-0.151;-0.044
-0.137;0.12;-0.093;-0.171
0.144;0.056;0.029;-0.132
0.042;-0.11;0.088;-0.149
-0.188;-0.029;-0.142;-0.078
-0.281;0.024;-0.303;-0.112
-0.076;-0.156;-0.21;-0.02
0.107;-0.413;0.002;-0.21
0.115;-0.068;0.027;-0.146
-0.088;0.024;-0.256;-0.105
-0.222;-0.134;-0.2;-0.017
-0.005;-0.225;-0.071;-0.107
0.076;-0.142;-0.005;-0.239
0.007;-0.056;-0.088;-0.146
-0.115;0.156;-0.186;-0.059
-0.125;-0.081;-0.181;-0.085
-0.132;-0.193;-0.127;-0.09
-0.059;-0.12;-0.129;-0.127
-0.078;-0.081;-0.085;-0.076
-0.032;-0.032;-0.129;-0.051
-0.195;0.186;-0.076;-0.085
-0.256;-0.056;-0.085;-0.251
-0.088;-0.051;0.049;-0.076
-0.288;-0.105;-0.005;-0.095
-0.3;-0.249;-0.125;-0.066
-0.142;-0.237;-0.198;-0.054
-0.024;-0.293;-0.149;-0.078
-0.039;-0.073;0.024;-0.251
-0.22;0.146;-0.049;-0.134
0.002;-0.168;-0.32;-0.137
0.061;-0.054;-0.303;-0.042
-0.142;-0.164;-0.166;-0.088
-0.012;-0.081;0.046;-0.171
0.073;-0.173;-0.066;-0.161
-0.093;-0.205;-0.134;0.054
-0.146;-0.034;-0.298;-0.022
0.046;-0.171;-0.093;-0.12
-0.054;-0.066;-0.032;-0.12
-0.237;-0.32;-0.024;-0.005
-0.266;-0.081;-0.203;0.027
-0.244;-0.129;-0.183;-0.007
-0.186;0.081;-0.078;-0.195
-0.051;-0.068;0.088;-0.176
0.063;-0.085;-0.02;-0.188
-0.081;-0.127;-0.061;-0.032
-0.159;0.066;-0.032;-0.151
-0.032;-0.374;0.01;-0.11
0.142;-0.308;0.0;-0.051
-0.017;-0.256;-0.049;-0.042
-0.271;-0.027;-0.125;-0.107
-0.078;-0.112;-0.149;-0.122
-0.049;-0.027;-0.166;-0.105
-0.088;-0.044;-0.01;-0.071
-0.063;-0.122;-0.195;-0.154
-0.078;-0.042;-0.178;-0.068
-0.061;-0.298;-0.286;-0.11
-0.012;-0.059;-0.134;-0.032
-0.137;-0.022;-0.144;0.002
-0.164;-0.02;-0.205;-0.076
-0.173;0.0;-0.237;-0.049
-0.237;-0.054;-0.164;-0.159
-0.112;-0.139;-0.068;-0.132
-0.151;0.046;-0.068;-0.076
-0.144;-0.083;-0.195;-0.022
-0.178;-0.12;-0.144;-0.159
-0.042;-0.132;-0.068;-0.295
-0.054;-0.212;-0.085;-0.176
-0.056;-0.112;-0.188;-0.139
-0.022;-0.083;-0.132;-0.215
0.061;-0.288;-0.161;-0.247
0.105;-0.344;-0.044;-0.183
-0.103;-0.068;0.034;-0.203
-0.2;-0.024;0.0;-0.239
-0.007;-0.154;-0.122;-0.095
0.078;-0.032;-0.059;0.081
-0.088;-0.088;-0.107;-0.09
0.022;0.017;-0.017;-0.173
-0.137;0.044;-0.156;-0.171
-0.259;-0.015;-0.122;-0.078
-0.232;-0.32;-0.085;-0.186
-0.183;-0.217;-0.132;-0.305
-0.237;-0.005;-0.171;-0.154
-0.251;0.095;-0.005;-0.195
-0.039;-0.056;-0.217;-0.066
0.129;-0.161;-0.046;-0.037
0.054;-0.02;0.176;-0.217
-0.183;-0.029;0.005;-0.278
-0.085;-0.137;-0.193;0.107
0.02;-0.071;-0.254;0.01
0.044;-0.183;-0.051;-0.046
0.046;-0.032;-0.029;-0.12
-0.066;-0.151;0.015;-0.098
-0.181;-0.212;-0.239;-0.049
0.068;-0.283;-0.259;0.066
0.042;-0.056;-0.315;-0.139
-0.093;-0.049;0.061;-0.168
-0.195;0.115;0.046;-0.332
-0.164;-0.049;-0.237;-0.066
-0.042;-0.01;-0.354;0.159
-0.027;-0.181;-0.122;-0.093
-0.234;-0.005;-0.071;-0.22
-0.132;-0.278;0.005;-0.11
0.046;-0.081;-0.027;-0.071
-0.161;-0.063;-0.208;0.049
-0.176;-0.107;-0.356;-0.137
0.081;-0.249;-0.078;-0.215
0.015;-0.237;0.054;-0.186
-0.208;-0.005;0.083;-0.3
-0.217;-0.132;-0.259;-0.081
0.032;-0.283;-0.134;0.129
-0.002;-0.386;0.083;-0.078
-0.068;-0.027;-0.093;-0.171
-0.171;-0.071;-0.291;0.134
0.015;-0.154;-0.217;-0.239
0.11;-0.195;-0.266;-0.261
0.159;-0.212;-0.149;-0.161
-0.09;-0.024;0.027;-0.342
-0.21;-0.088;-0.015;-0.291
-0.103;0.046;-0.112;-0.007
-0.1;-0.352;-0.22;-0.181
-0.291;-0.015;-0.02;0.017
-0.356;-0.002;-0.063;-0.107
-0.271;0.034;-0.195;-0.271
0.056;-0.063;-0.159;-0.061
-0.112;0.012;-0.112;-0.247
-0.264;-0.063;-0.09;-0.166
-0.071;-0.015;-0.1;-0.068
0.042;-0.293;-0.164;-0.281
-0.066;-0.083;-0.195;-0.208
-0.276;-0.156;0.005;-0.12
-0.312;0.029;-0.022;-0.217
-0.125;-0.259;-0.117;-0.049
0.093;-0.137;-0.32;0.076
0.183;-0.166;-0.037;-0.073
0.037;-0.042;-0.183;-0.137
-0.222;-0.1;-0.183;0.093
-0.19;-0.054;-0.215;-0.088
-0.132;-0.142;-0.244;-0.186
-0.134;-0.188;-0.239;-0.071
-0.212;-0.115;-0.093;-0.168
-0.178;-0.261;0.032;-0.176
-0.186;-0.166;-0.176;-0.051
-0.11;-0.181;-0.288;-0.054
-0.212;-0.02;-0.181;-0.085
-0.254;-0.12;0.093;-0.19
-0.112;-0.088;-0.032;-0.469
-0.081;-0.088;0.046;-0.09
-0.161;-0.085;-0.276;-0.208
-0.083;-0.139;-0.166;-0.015
-0.12;-0.134;-0.068;-0.178
-0.127;-0.227;0.0;-0.386
-0.051;-0.188;-0.122;-0.186
0.061;-0.151;-0.154;0.005
-0.017;-0.088;-0.127;-0.073
-0.088;-0.051;-0.173;-0.017
-0.078;-0.061;-0.093;0.01
-0.215;-0.139;-0.159;-0.312
-0.266;-0.164;-0.2;0.032
-0.107;-0.144;-0.256;-0.071
-0.107;-0.2;-0.061;-0.076
-0.22;-0.225;-0.076;-0.046
-0.237;-0.015;-0.142;-0.024
-0.227;-0.11;-0.256;-0.054
-0.178;-0.146;-0.144;-0.112
-0.186;-0.159;-0.046;-0.208
-0.137;0.085;-0.178;-0.156
-0.11;-0.022;-0.071;0.037
-0.159;-0.09;-0.068;-0.183
-0.151;-0.093;-0.056;-0.139
-0.129;-0.022;-0.1;-0.178
0.02;-0.117;-0.129;-0.19
-0.042;-0.098;-0.225;-0.188
-0.125;-0.103;-0.139;-0.027
-0.068;-0.168;-0.061;-0.11
-0.073;-0.249;0.0;-0.093
-0.217;-0.085;-0.083;-0.059
-0.227;-0.044;-0.129;0.0
-0.112;-0.134;-0.212;-0.105
-0.061;-0.112;-0.159;-0.085
-0.205;-0.117;-0.132;-0.088
-0.208;-0.029;-0.056;-0.071
-0.164;-0.078;-0.112;-0.095
-0.125;-0.107;-0.127;-0.112
-0.103;0.071;-0.127;-0.176
-0.137;-0.005;-0.076;-0.103
-0.115;-0.088;-0.1;-0.129
-0.125;-0.132;-0.122;-0.1
-0.217;-0.032;-0.186;-0.154
-0.149;-0.12;-0.232;-0.112
-0.137;-0.059;-0.081;-0.132
-0.015;-0.256;-0.022;-0.056
-0.042;-0.11;-0.132;-0.161
-0.073;-0.144;-0.129;-0.112
-0.083;-0.166;-0.161;-0.2
-0.078;-0.156;-0.049;-0.173
-0.217;-0.081;-0.1;-0.115
-0.198;-0.051;-0.085;-0.129
-0.117;-0.166;-0.259;-0.125
-0.161;-0.151;-0.225;-0.076
-0.068;-0.166;-0.127;0.005
-0.115;-0.115;-0.076;-0.005
-0.137;-0.037;-0.024;-0.02
-0.176;-0.024;-0.134;-0.066
-0.076;-0.034;-0.127;-0.083
-0.12;-0.193;-0.093;-0.137
-0.073;-0.159;-0.063;-0.183
-0.112;-0.156;-0.166;-0.061
-0.139;-0.059;-0.229;-0.007
-0.21;-0.076;-0.095;-0.015
-0.1;-0.02;-0.034;-0.171
-0.051;-0.061;0.002;-0.227
-0.103;-0.125;-0.046;-0.09
-0.237;-0.208;-0.244;-0.056
-0.156;-0.261;-0.208;-0.029
-0.007;-0.19;-0.063;-0.103
-0.134;-0.146;0.027;-0.156
-0.166;-0.042;-0.017;-0.117
-0.105;0.0;-0.2;-0.063
-0.051;-0.024;-0.222;-0.068
-0.037;0.015;-0.09;-0.076
-0.073;-0.012;-0.039;-0.183
-0.088;-0.093;-0.088;-0.181
-0.127;-0.005;-0.164;-0.132
-0.098;-0.115;-0.173;-0.132
-0.117;0.0;-0.103;-0.081
-0.168;-0.112;-0.037;-0.059
-0.078;-0.054;-0.034;-0.017
-0.127;-0.271;-0.105;-0.088
-0.039;-0.212;-0.068;-0.125
-0.125;-0.051;-0.09;-0.173
-0.103;-0.071;-0.085;-0.129
-0.056;-0.215;-0.149;-0.081
0.115;-0.129;-0.125;-0.146
0.073;-0.081;-0.11;-0.227
-0.054;-0.308;-0.073;-0.142
-0.11;-0.195;-0.105;-0.054
-0.149;-0.125;-0.115;-0.049
-0.181;0.071;-0.21;-0.081
-0.205;-0.103;-0.093;-0.129
-0.19;-0.112;-0.078;-0.051
-0.21;-0.242;-0.159;-0.088
-0.112;0.054;-0.227;-0.142
-0.168;-0.068;-0.2;-0.232
-0.222;-0.076;-0.076;-0.188
-0.083;-0.076;-0.015;-0.105
-0.098;-0.046;-0.068;-0.088
-0.305;-0.178;-0.103;-0.017
-0.271;-0.222;-0.09;-0.034
-0.151;-0.342;-0.107;-0.168
-0.029;-0.225;-0.017;-0.142
-0.261;-0.186;-0.105;-0.037
-0.181;-0.1;-0.173;-0.112
-0.073;-0.107;-0.22;-0.059
-0.02;-0.132;-0.032;-0.063
-0.02;-0.176;0.012;-0.095
-0.105;0.012;-0.063;-0.085
-0.166;0.015;-0.2;-0.061
-0.195;0.0;-0.222;0.005
-0.215;0.098;-0.044;-0.078
-0.137;0.027;0.024;-0.076
-0.063;-0.017;-0.044;-0.061
-0.081;-0.115;-0.139;0.027
-0.161;-0.193;-0.171;-0.015
-0.266;0.063;-0.122;-0.073
-0.212;-0.071;-0.012;-0.186
-0.151;-0.115;-0.027;-0.2
-0.02;-0.205;-0.081;-0.164
-0.166;0.046;-0.105;-0.188
-0.359;0.063;-0.098;-0.188
-0.071;-0.076;-0.159;-0.254
0.166;-0.249;-0.088;-0.205
0.039;-0.278;-0.151;-0.125
-0.115;0.007;-0.232;-0.073
-0.134;-0.098;-0.256;-0.12
0.022;-0.09;-0.161;-0.156
-0.056;-0.139;-0.12;-0.208
-0.195;0.024;-0.144;-0.112
-0.234;-0.098;-0.212;-0.046
-0.222;-0.027;-0.132;-0.156
-0.076;-0.059;-0.083;-0.198
-0.139;-0.129;-0.042;-0.137
-0.186;-0.007;0.002;-0.044
-0.291;0.02;-0.122;-0.083
-0.09;-0.037;-0.146;-0.083
0.02;-0.222;-0.12;-0.161
-0.081;0.02;-0.017;-0.09
-0.22;0.044;-0.095;-0.022
-0.3;-0.083;-0.171;-0.039
-0.081;-0.322;-0.186;0.034
0.042;-0.139;-0.112;-0.029
-0.049;-0.229;-0.01;-0.027
-0.017;-0.046;-0.129;-0.073
0.017;-0.203;-0.142;-0.09
-0.068;-0.151;-0.161;-0.12
-0.156;-0.125;-0.081;-0.132
-0.137;-0.024;-0.083;-0.122
-0.217;-0.051;-0.1;-0.139
-0.178;-0.208;-0.134;-0.117
-0.061;-0.129;-0.112;-0.12
-0.186;-0.151;-0.144;-0.071
-0.273;-0.015;-0.173;-0.044
-0.283;0.012;-0.203;-0.044
-0.146;-0.056;-0.127;-0.259
0.002;-0.142;-0.002;-0.176
-0.105;-0.161;0.037;-0.173
-0.337;-0.264;-0.037;-0.22
-0.149;-0.249;-0.129;-0.188
-0.002;-0.315;-0.002;-0.168
0.022;-0.22;-0.044;-0.234
-0.005;-0.042;-0.034;-0.156
0.022;-0.203;-0.105;-0.066
-0.02;-0.266;-0.12;-0.088
-0.085;-0.337;-0.183;-0.081
-0.063;-0.115;-0.149;-0.103
0.068;0.1;-0.134;-0.112
-0.232;0.01;-0.139;-0.09
-0.396;-0.034;-0.171;-0.056
-0.378;-0.154;-0.122;-0.037
-0.149;-0.291;-0.11;-0.103
-0.137;-0.154;-0.129;-0.176
-0.081;-0.054;-0.083;-0.154
-0.017;0.002;-0.134;-0.085
-0.317;0.027;-0.105;-0.1
-0.415;-0.034;-0.081;-0.129
-0.242;-0.261;-0.078;-0.095
-0.046;-0.361;-0.127;-0.142
0.066;-0.027;-0.105;-0.095
-0.051;-0.051;-0.076;-0.034
-0.042;0.002;-0.12;-0.159
-0.088;-0.127;-0.063;-0.098
-0.059;-0.129;-0.093;-0.161
0.127;-0.122;-0.12;-0.149
0.129;-0.203;-0.159;-0.134
-0.063;-0.11;-0.127;-0.215
-0.229;-0.015;-0.095;-0.164
-0.039;0.015;-0.149;-0.076
-0.029;0.059;-0.139;-0.015
-0.059;0.037;-0.146;-0.107
-0.073;-0.071;-0.1;-0.105
-0.034;-0.305;-0.1;-0.024
-0.154;-0.166;-0.144;-0.039
-0.342;-0.024;-0.142;-0.076
-0.134;-0.217;-0.137;-0.146
-0.115;-0.283;-0.032;-0.073
-0.173;-0.076;-0.037;-0.071
-0.42;0.122;-0.068;-0.088
-0.254;-0.083;-0.168;-0.144
0.066;-0.3;-0.083;-0.146
0.159;-0.122;-0.02;-0.217
-0.029;0.046;0.007;-0.146
-0.217;0.01;-0.076;-0.134
-0.205;-0.22;-0.063;-0.142
-0.005;-0.144;-0.068;-0.176
0.073;-0.159;-0.034;-0.032
0.051;-0.049;-0.073;-0.127
-0.029;-0.076;-0.073;-0.083
-0.063;-0.146;-0.188;-0.208
-0.037;-0.305;-0.149;-0.21
-0.1;-0.105;-0.068;-0.122
-0.139;-0.054;-0.105;-0.129
0.002;-0.21;-0.166;-0.12
-0.044;-0.024;-0.154;-0.168
-0.051;-0.02;0.0;-0.232
-0.085;-0.081;-0.066;-0.12
-0.049;-0.232;-0.073;-0.066
-0.122;-0.244;-0.049;-0.129
-0.195;-0.193;-0.081;-0.107
-0.271;-0.156;-0.063;-0.037
-0.103;-0.205;-0.105;0.012
0.027;-0.12;-0.093;-0.09
-0.01;-0.076;-0.059;-0.09
-0.046;-0.09;-0.027;-0.212
0.154;-0.049;0.054;-0.127
0.068;-0.188;-0.156;-0.129
-0.159;-0.005;-0.22;-0.139
-0.239;0.066;-0.125;-0.073
-0.166;-0.115;0.017;-0.149
0.049;-0.203;-0.034;-0.139
-0.054;-0.154;-0.134;-0.032
-0.266;-0.039;-0.227;-0.112
-0.239;-0.151;-0.154;-0.066
-0.115;-0.144;-0.095;-0.059
-0.034;-0.095;-0.105;-0.156
-0.129;-0.103;-0.093;-0.095
-0.222;-0.081;-0.198;-0.098
-0.232;-0.078;-0.139;-0.129
-0.271;-0.134;0.015;-0.122
-0.203;-0.217;0.024;-0.142
-0.127;-0.183;-0.027;-0.125
-0.2;0.007;-0.073;-0.056
-0.181;0.022;-0.11;-0.164
-0.071;-0.073;-0.122;-0.083
0.112;-0.251;-0.088;-0.183
0.115;-0.256;-0.042;-0.186
-0.1;-0.022;-0.159;-0.208
-0.212;0.085;-0.208;-0.051
-0.195;0.012;-0.215;-0.073
-0.063;-0.129;-0.112;-0.061
-0.093;-0.203;-0.061;-0.107
-0.083;-0.271;-0.115;-0.098
-0.061;-0.244;-0.166;-0.078
-0.061;-0.168;-0.19;-0.125
-0.127;-0.039;-0.149;-0.161
-0.085;-0.098;-0.154;-0.027
-0.129;-0.022;-0.115;0.002
-0.122;-0.01;-0.076;-0.117
-0.168;0.012;-0.137;-0.12
-0.051;-0.144;-0.161;-0.061
-0.159;-0.105;-0.115;-0.056
-0.178;-0.1;-0.063;-0.093
-0.056;-0.073;-0.042;-0.171
-0.259;0.076;-0.066;-0.037
-0.112;-0.122;-0.105;-0.042
0.059;-0.173;-0.112;-0.156
0.078;-0.3;-0.068;-0.215
-0.171;-0.105;-0.115;-0.09
-0.208;-0.09;-0.183;-0.081
-0.034;-0.139;-0.203;-0.061
-0.129;-0.115;-0.166;-0.054
-0.288;0.024;-0.107;-0.159
-0.022;-0.195;-0.115;-0.134
0.078;-0.266;-0.142;-0.129
-0.002;-0.127;-0.159;-0.137
-0.164;-0.1;-0.071;-0.142
-0.122;-0.073;-0.103;-0.173
-0.12;-0.171;-0.117;-0.22
-0.288;-0.049;-0.125;-0.164
-0.195;-0.176;-0.149;-0.205
-0.034;-0.21;-0.054;-0.134
-0.12;-0.056;-0.083;-0.171
-0.132;-0.105;-0.061;-0.183
-0.044;-0.037;-0.037;-0.193
-0.083;-0.156;0.01;-0.171
-0.125;0.039;-0.1;-0.144
-0.068;-0.095;-0.159;-0.083
0.266;-0.225;-0.146;-0.127
0.19;-0.242;-0.076;-0.171
-0.146;-0.066;-0.061;-0.151
-0.229;-0.059;-0.066;-0.088
-0.144;-0.132;-0.154;-0.032
-0.242;-0.256;-0.164;-0.054
-0.11;-0.244;-0.193;-0.071
0.115;-0.027;-0.046;-0.2
0.039;0.049;-0.107;-0.161
-0.21;0.066;-0.178;-0.085
-0.227;-0.09;-0.156;-0.081
-0.154;-0.076;-0.159;-0.061
-0.264;-0.066;-0.076;-0.061
-0.051;-0.095;-0.073;-0.156
0.073;-0.342;-0.037;-0.193
-0.049;-0.168;-0.034;-0.137
-0.239;-0.056;-0.132;-0.168
-0.078;-0.103;-0.139;-0.139
0.005;-0.342;-0.173;-0.19
0.0;-0.042;-0.095;-0.205
-0.176;-0.137;-0.127;-0.088
-0.103;0.034;-0.1;0.081
-0.095;-0.044;-0.208;-0.093
-0.22;-0.149;-0.168;-0.085
-0.076;-0.193;-0.088;-0.093
-0.129;-0.212;-0.151;-0.076
-0.254;-0.02;-0.205;-0.081
-0.271;-0.266;-0.164;-0.017
-0.254;-0.261;-0.181;-0.198
-0.144;-0.137;-0.054;-0.037
-0.146;0.146;-0.166;-0.032
-0.098;-0.09;-0.176;-0.078
-0.068;-0.198;-0.142;-0.037
-0.054;-0.227;-0.076;-0.015
-0.32;0.015;-0.105;-0.171
-0.176;0.081;-0.09;-0.122
-0.039;-0.269;-0.171;-0.027
-0.034;-0.129;-0.186;-0.11
-0.166;-0.173;-0.154;-0.1
-0.076;-0.095;-0.088;-0.159
-0.134;-0.371;-0.073;-0.178
-0.015;-0.144;-0.122;-0.215
0.066;-0.11;-0.09;-0.103
-0.083;-0.068;-0.1;-0.21
-0.142;0.002;-0.078;-0.173
-0.2;-0.176;-0.11;-0.225
-0.051;-0.239;-0.032;-0.249
-0.142;-0.146;-0.081;-0.11
-0.151;-0.002;-0.093;-0.117
0.007;-0.049;-0.017;-0.107
-0.002;-0.156;-0.024;-0.151
0.112;-0.125;-0.081;-0.173
-0.081;-0.078;-0.154;-0.115
-0.137;-0.173;-0.095;-0.088
-0.181;-0.095;-0.056;-0.222
-0.176;0.046;-0.039;-0.127
-0.115;0.154;-0.11;-0.115
-0.017;-0.149;-0.161;-0.095
0.051;-0.3;-0.112;-0.12
-0.01;-0.295;-0.054;-0.149
-0.098;-0.198;-0.063;-0.137
-0.132;-0.142;-0.032;0.012
-0.127;-0.168;-0.117;0.0
-0.115;-0.144;-0.12;0.017
-0.151;-0.293;-0.164;-0.068
-0.112;-0.186;-0.149;-0.129
-0.125;-0.02;-0.129;-0.161
-0.107;0.068;-0.154;-0.039
-0.046;-0.132;-0.225;-0.063
-0.125;-0.007;-0.173;0.0
-0.327;-0.029;-0.125;-0.156
-0.361;-0.059;-0.034;-0.132
-0.229;-0.298;-0.125;-0.088
-0.105;-0.137;-0.176;-0.049
-0.093;-0.042;-0.176;-0.098
-0.073;-0.12;-0.146;-0.103
-0.054;-0.129;-0.063;-0.188
-0.166;-0.188;-0.073;-0.137
-0.049;-0.098;-0.208;-0.125
0.046;-0.142;-0.215;-0.125
0.056;0.005;-0.156;-0.083
-0.049;-0.139;-0.12;-0.068
-0.176;-0.156;-0.103;-0.117
-0.195;-0.176;-0.137;-0.176
-0.161;-0.286;-0.166;-0.073
-0.002;-0.31;-0.205;-0.134
-0.085;-0.11;-0.173;-0.103
-0.161;0.01;-0.129;-0.098
-0.061;-0.083;-0.112;-0.19
-0.081;-0.1;-0.103;-0.156
-0.081;0.0;-0.129;-0.181
-0.166;0.012;-0.151;-0.01
-0.188;-0.09;-0.176;-0.034
-0.107;-0.027;-0.083;-0.139
-0.024;-0.112;-0.137;-0.144
-0.032;-0.098;-0.166;-0.107
0.002;-0.11;-0.173;-0.093
-0.012;-0.2;-0.193;-0.115
-0.105;-0.19;-0.217;-0.137
-0.088;-0.002;-0.095;-0.095
-0.049;-0.166;-0.178;-0.073
-0.149;-0.286;-0.283;-0.134
-0.164;-0.044;-0.249;-0.156
-0.085;-0.081;-0.281;-0.063
-0.029;-0.051;-0.195;-0.085
-0.044;-0.002;-0.161;-0.107
-0.286;0.032;-0.142;-0.044
-0.295;-0.054;-0.122;-0.039
-0.139;-0.112;-0.088;-0.044
-0.242;-0.11;-0.112;-0.103
-0.232;-0.142;-0.125;-0.12
-0.186;-0.034;-0.063;-0.1
-0.168;-0.229;-0.076;-0.068
-0.09;-0.288;-0.12;-0.181
-0.039;-0.259;-0.12;-0.134
-0.139;-0.139;-0.146;-0.122
-0.134;-0.288;-0.137;-0.156
-0.063;-0.178;-0.186;-0.188
-0.029;-0.186;-0.132;-0.11
-0.105;-0.042;-0.115;-0.19
-0.066;-0.039;-0.066;-0.11
0.032;-0.232;-0.142;-0.12
0.037;-0.19;-0.195;-0.066
-0.071;-0.383;-0.164;-0.127
-0.134;-0.1;-0.088;-0.132
-0.225;-0.105;-0.078;-0.215
-0.293;-0.039;-0.139;-0.117
-0.171;-0.059;-0.156;-0.068
-0.173;0.042;-0.056;-0.12
-0.31;-0.073;-0.09;-0.156
-0.286;-0.127;-0.117;-0.122
-0.286;-0.151;-0.093;-0.205
-0.254;-0.203;-0.034;-0.054
-0.286;-0.105;-0.107;-0.09
-0.205;-0.164;-0.09;-0.129
-0.098;-0.181;-0.061;-0.137
-0.032;-0.251;-0.081;-0.083
-0.061;-0.251;-0.12;-0.125
-0.002;-0.234;-0.083;-0.078
-0.176;-0.159;-0.142;-0.11
-0.181;-0.205;-0.166;-0.071
-0.154;-0.129;-0.137;-0.066
-0.242;-0.11;-0.132;-0.083
-0.046;-0.173;-0.146;-0.105
0.007;-0.137;-0.063;-0.195
-0.139;-0.039;-0.002;-0.107
-0.449;0.046;-0.1;-0.034
-0.273;-0.183;-0.222;-0.02
0.007;-0.11;-0.203;-0.012
-0.122;-0.142;-0.081;-0.081
-0.225;0.017;-0.015;-0.166
-0.259;-0.122;-0.076;-0.085
-0.291;-0.159;-0.227;-0.122
-0.112;-0.107;-0.156;-0.132
-0.063;-0.168;-0.151;-0.142
-0.107;-0.195;-0.146;-0.088
-0.205;-0.171;-0.12;-0.178
-0.212;-0.12;-0.059;-0.132
-0.039;-0.208;-0.127;-0.188
-0.01;-0.081;-0.2;-0.032
-0.2;-0.105;-0.249;-0.015
-0.181;-0.073;-0.171;-0.105
-0.093;-0.027;-0.085;-0.115
-0.134;-0.176;-0.112;-0.129
-0.085;-0.178;-0.242;-0.105
-0.09;-0.039;-0.259;-0.063
-0.188;-0.029;-0.176;-0.093
-0.244;-0.061;-0.134;-0.215
-0.132;-0.01;-0.061;-0.173
-0.144;-0.012;-0.149;-0.137
-0.078;-0.134;-0.137;-0.134
-0.112;-0.215;-0.186;-0.056
-0.173;-0.085;-0.076;-0.159
-0.217;-0.107;0.029;-0.137
-0.081;-0.09;-0.078;-0.203
-0.103;-0.288;-0.198;-0.09
-0.212;-0.032;-0.264;-0.146
-0.022;-0.083;-0.161;-0.183
0.059;-0.19;-0.066;-0.2
-0.029;-0.295;-0.032;-0.149
-0.127;-0.127;-0.134;-0.122
-0.105;-0.212;-0.103;-0.085
0.042;-0.12;-0.095;-0.081
-0.083;-0.098;-0.046;-0.115
-0.183;-0.046;-0.034;-0.093
-0.186;0.01;-0.085;-0.115
-0.137;-0.159;-0.159;-0.088
-0.103;0.027;-0.21;-0.127
-0.122;-0.115;-0.112;-0.061
-0.156;0.037;-0.181;-0.12
-0.259;-0.012;-0.078;-0.071
-0.288;-0.005;-0.093;-0.046
-0.154;-0.264;-0.085;-0.046
-0.039;-0.181;-0.088;-0.078
-0.098;-0.149;-0.09;-0.044
-0.151;-0.1;-0.151;-0.054
-0.173;-0.09;-0.142;-0.059
-0.208;-0.154;-0.1;-0.122
-0.127;-0.171;-0.076;-0.134
-0.103;-0.293;-0.146;-0.117
0.027;-0.195;-0.134;-0.142
-0.061;-0.208;-0.146;-0.129
-0.195;-0.1;-0.142;-0.142
-0.195;-0.115;-0.088;-0.051
-0.2;-0.208;-0.134;-0.103
-0.251;-0.11;-0.12;-0.054
-0.195;-0.12;-0.2;-0.061
-0.222;-0.146;-0.144;-0.137
-0.195;-0.134;-0.085;-0.078
-0.142;-0.037;-0.105;-0.146
-0.134;-0.042;-0.132;-0.181
-0.305;-0.098;-0.129;-0.242
-0.356;-0.137;0.027;-0.122
-0.281;-0.205;-0.039;-0.186
-0.125;-0.178;-0.088;-0.088
-0.132;-0.137;-0.171;-0.066
-0.024;-0.222;-0.107;-0.027
-0.142;-0.269;-0.134;-0.115
-0.071;-0.264;-0.098;-0.161
-0.068;-0.166;-0.1;-0.12
-0.146;-0.093;-0.151;-0.049
0.002;-0.095;-0.22;-0.054
0.071;-0.054;-0.178;-0.02
-0.19;-0.088;-0.139;-0.076
-0.166;0.005;-0.127;-0.19
-0.105;-0.222;-0.142;-0.073
-0.063;-0.09;-0.176;-0.103
-0.232;0.044;-0.134;-0.105
-0.349;-0.015;-0.09;-0.071
-0.342;-0.178;-0.122;-0.076
-0.183;-0.164;-0.056;-0.105
-0.071;-0.176;-0.107;-0.02
0.0;-0.037;-0.044;-0.081
-0.107;0.024;-0.071;-0.186
-0.12;-0.181;-0.144;-0.3
-0.159;-0.281;-0.103;-0.227
-0.063;-0.322;-0.059;-0.127
-0.093;-0.178;-0.095;-0.193
-0.024;-0.173;-0.188;-0.247
0.032;-0.159;-0.149;-0.132
-0.149;-0.361;-0.061;-0.068
-0.347;-0.332;-0.051;-0.063
0.012;-0.308;-0.222;-0.149
0.21;-0.142;-0.168;-0.11
-0.054;-0.005;-0.132;-0.176
-0.176;-0.002;-0.112;-0.085
-0.315;-0.085;-0.176;-0.168
-0.305;-0.242;-0.12;-0.237
-0.229;0.137;-0.093;-0.176
-0.188;0.02;-0.115;-0.161
-0.112;0.037;-0.049;-0.125
-0.129;-0.005;-0.098;-0.164
-0.298;0.142;-0.071;-0.166
-0.349;0.0;-0.093;-0.066
-0.146;0.054;-0.02;-0.117
-0.117;-0.12;-0.012;-0.12
-0.015;0.012;-0.051;-0.081
-0.046;-0.051;-0.083;-0.046
-0.078;-0.095;-0.098;-0.027
-0.156;-0.308;-0.125;-0.1
-0.017;-0.315;-0.132;-0.044
0.037;-0.11;-0.1;-0.051
-0.181;-0.105;-0.127;-0.115
-0.122;-0.032;-0.146;-0.029
-0.203;-0.156;-0.2;-0.01
-0.227;-0.149;-0.215;-0.024
-0.156;-0.171;-0.166;0.017
-0.051;-0.083;-0.093;-0.085
-0.098;-0.144;-0.098;-0.115
-0.188;-0.029;-0.132;-0.137
-0.1;-0.059;-0.063;-0.117
-0.208;-0.261;-0.112;-0.19
-0.142;-0.002;-0.063;-0.19
-0.176;-0.159;-0.005;-0.215
-0.093;-0.11;-0.029;-0.159
-0.085;-0.183;-0.042;-0.161
-0.166;-0.149;-0.066;-0.112
-0.049;-0.244;-0.107;-0.144
0.015;-0.215;-0.11;-0.134
-0.005;-0.281;-0.063;-0.137
-0.176;-0.127;-0.046;-0.193
-0.3;-0.051;-0.125;-0.186
-0.061;-0.249;-0.208;-0.149
0.066;-0.266;-0.159;-0.171
-0.129;-0.107;-0.117;-0.127
-0.083;0.012;-0.09;-0.059
0.017;0.076;-0.117;-0.098
-0.127;0.071;-0.117;-0.061
-0.176;0.005;-0.161;-0.037
-0.237;0.042;-0.11;-0.122
-0.029;-0.271;-0.056;-0.112
-0.059;-0.156;-0.132;-0.105
-0.176;-0.188;-0.1;-0.151
-0.146;-0.103;-0.076;-0.007
-0.012;-0.127;-0.117;-0.01
-0.105;-0.122;-0.071;-0.066
-0.168;0.007;0.007;-0.049
-0.007;-0.103;0.012;-0.146
-0.049;-0.198;-0.068;-0.11
-0.098;-0.254;-0.166;-0.012
-0.195;-0.2;-0.054;-0.103
-0.1;-0.127;0.024;-0.103
-0.242;-0.227;-0.117;-0.071
-0.161;-0.115;-0.183;-0.09
-0.11;-0.132;-0.149;-0.059
-0.054;0.083;-0.095;-0.127
-0.212;-0.093;-0.105;-0.127
-0.178;-0.154;-0.117;-0.146
-0.1;-0.181;-0.098;-0.11
-0.244;-0.071;-0.098;-0.093
-0.349;-0.076;-0.103;-0.159
-0.186;-0.195;-0.085;-0.105
-0.137;-0.254;-0.071;-0.178
-0.176;-0.227;-0.032;-0.161
-0.137;-0.156;-0.09;-0.068
-0.044;-0.088;-0.107;-0.125
-0.078;-0.098;-0.071;-0.159
-0.215;-0.125;0.015;-0.149
-0.083;-0.071;-0.093;-0.129
0.1;-0.247;-0.156;-0.068
-0.01;-0.193;-0.105;-0.071
-0.066;-0.073;-0.056;-0.117
-0.088;-0.007;-0.01;-0.168
0.039;-0.183;-0.044;-0.154
0.02;-0.002;-0.139;0.017
-0.034;0.015;-0.198;0.029
-0.176;-0.029;-0.181;0.046
-0.212;-0.09;-0.161;-0.051
-0.112;-0.105;-0.032;-0.12
-0.171;-0.112;-0.022;-0.159
-0.205;0.042;-0.09;-0.151
-0.188;-0.22;-0.12;-0.125
-0.217;-0.208;-0.027;-0.059
-0.164;-0.029;0.051;-0.112
-0.264;-0.2;-0.01;-0.12
-0.137;-0.154;-0.061;-0.039
0.007;-0.017;-0.115;-0.166
-0.039;-0.098;-0.049;-0.12
0.098;-0.195;-0.042;-0.046
-0.02;0.049;0.027;-0.042
-0.234;-0.19;-0.12;-0.017
-0.088;-0.334;-0.146;-0.039
-0.078;-0.215;-0.044;-0.222
-0.134;-0.037;-0.042;-0.149
-0.022;0.132;-0.156;-0.171
0.085;0.027;-0.205;-0.132
0.007;-0.012;-0.122;-0.139
-0.103;-0.11;-0.071;-0.088
-0.293;0.042;-0.037;0.085
-0.291;-0.278;-0.129;-0.024
-0.264;-0.085;-0.081;-0.037
-0.186;0.005;-0.115;-0.2
-0.232;0.046;0.007;-0.125
-0.21;-0.154;-0.178;-0.09
-0.056;-0.215;-0.146;-0.151
-0.02;-0.168;-0.137;-0.205
-0.098;-0.117;-0.078;-0.195
-0.254;-0.015;-0.049;-0.085
-0.164;-0.02;-0.085;-0.21
-0.129;-0.168;-0.073;-0.217
0.139;-0.312;-0.154;-0.176
-0.039;-0.288;-0.125;-0.059
-0.081;-0.115;-0.151;-0.051
-0.027;-0.144;-0.205;-0.105
0.171;-0.134;-0.173;-0.19
-0.061;-0.02;-0.178;-0.149
-0.205;0.022;-0.164;-0.122
-0.037;-0.005;-0.164;-0.127
0.054;-0.183;-0.164;-0.237
-0.093;-0.029;-0.176;-0.188
-0.127;-0.002;-0.098;-0.229
-0.056;-0.012;-0.071;-0.195
-0.105;-0.212;-0.149;-0.125
-0.044;-0.159;-0.142;-0.105
-0.081;0.02;-0.037;-0.161
-0.156;-0.085;-0.002;-0.027
-0.149;-0.132;-0.098;-0.1
-0.173;-0.042;-0.166;-0.129
0.0;-0.132;-0.081;-0.09
-0.117;-0.291;0.051;-0.171
-0.173;0.012;-0.027;-0.164
-0.132;0.059;-0.117;-0.01
0.085;-0.244;-0.183;-0.015
0.093;-0.2;-0.178;-0.042
0.034;-0.234;-0.127;-0.125
-0.107;-0.017;-0.054;-0.183
-0.264;-0.127;-0.085;-0.071
-0.161;-0.024;-0.286;-0.024
-0.295;-0.039;-0.139;-0.127
-0.181;-0.173;-0.017;-0.132
-0.139;-0.112;-0.012;-0.181
-0.015;-0.088;-0.11;-0.073
-0.056;-0.046;-0.2;-0.039
-0.171;0.029;-0.122;-0.125
-0.244;-0.046;-0.046;-0.183
-0.227;-0.222;0.046;-0.208
-0.129;-0.2;-0.007;-0.134
-0.122;-0.286;-0.076;-0.154
0.066;-0.115;-0.168;-0.142
0.044;-0.173;-0.139;-0.071
-0.122;-0.083;-0.159;-0.156
-0.093;-0.066;-0.044;-0.254
-0.042;-0.117;-0.044;-0.19
-0.146;-0.176;-0.195;-0.183
-0.105;-0.012;-0.222;-0.127
-0.01;-0.11;-0.21;-0.159
0.083;-0.332;-0.173;-0.164
-0.156;-0.049;-0.181;-0.122
-0.256;0.029;-0.161;-0.061
-0.195;0.164;-0.146;-0.085
-0.112;0.0;-0.132;-0.078
-0.098;-0.081;-0.159;-0.164
-0.09;-0.19;-0.107;-0.09
-0.332;-0.205;-0.071;-0.081
-0.33;-0.164;-0.037;-0.129
-0.215;-0.186;0.02;-0.081
0.168;-0.186;-0.015;-0.002
0.002;-0.273;0.029;-0.083
-0.229;-0.02;-0.156;-0.017
-0.234;-0.137;-0.166;-0.139
-0.015;-0.088;-0.032;-0.264
-0.01;-0.159;0.142;-0.022
-0.217;-0.002;-0.181;0.137
-0.2;-0.125;-0.193;0.076
-0.073;-0.256;-0.239;0.264
-0.078;-0.217;-0.254;-0.183
0.044;-0.112;-0.046;-0.195
-0.044;0.032;-0.01;-0.2
-0.154;-0.105;-0.078;-0.342
-0.195;-0.083;-0.11;-0.154
-0.168;-0.088;-0.066;0.132
-0.217;0.09;-0.229;-0.142
-0.276;0.024;0.024;0.205
-0.156;-0.024;-0.269;0.051
0.02;-0.149;-0.149;-0.166
-0.063;-0.203;-0.139;-0.122
-0.291;0.0;-0.103;0.083
-0.256;-0.205;-0.117;-0.002
-0.1;-0.225;-0.166;-0.095
0.042;-0.31;-0.115;-0.02
-0.103;-0.139;-0.125;-0.378
-0.144;-0.073;0.051;-0.12
-0.015;0.015;-0.298;-0.281
0.054;-0.137;-0.156;0.239
-0.01;0.054;-0.198;-0.188
-0.066;-0.017;0.142;-0.305
-0.063;-0.029;-0.176;0.059
-0.051;-0.115;-0.286;0.068
-0.015;-0.105;-0.176;-0.305
-0.027;-0.159;-0.032;-0.115
-0.156;-0.002;-0.115;0.066
-0.33;0.0;-0.063;-0.127
-0.203;0.017;-0.059;0.183
-0.039;-0.181;-0.442;-0.251
-0.105;-0.227;0.02;-0.198
-0.12;-0.161;0.063;-0.266
-0.234;-0.081;0.044;-0.144
-0.078;-0.205;-0.203;-0.398
-0.005;-0.278;0.017;-0.063
-0.02;-0.144;-0.293;-0.337
-0.063;-0.212;0.061;0.017
-0.059;-0.107;-0.078;-0.066
-0.117;-0.098;-0.007;-0.137
-0.151;-0.198;-0.176;-0.01
-0.049;-0.212;0.061;0.315
-0.139;-0.225;-0.217;0.005
-0.129;-0.12;-0.085;0.173
-0.078;-0.127;-0.381;-0.044
-0.1;0.007;0.034;-0.371
-0.181;-0.02;0.1;-0.212
-0.227;-0.103;-0.076;0.032
-0.164;-0.173;-0.276;0.105
-0.178;-0.21;-0.222;-0.039
-0.212;-0.024;-0.024;-0.166
-0.193;-0.059;0.054;-0.273
-0.203;-0.193;0.073;0.225
-0.115;-0.322;-0.293;-0.156
0.027;-0.195;-0.012;-0.049
-0.193;-0.134;-0.203;-0.269
-0.273;-0.186;0.127;-0.215
-0.117;-0.339;0.015;-0.078
-0.037;-0.31;-0.037;-0.11
-0.093;-0.305;-0.234;-0.164
-0.12;-0.098;-0.105;-0.042
-0.156;-0.315;-0.132;-0.239
-0.129;-0.208;-0.115;-0.264
-0.076;-0.127;-0.161;-0.02
-0.293;-0.088;-0.256;0.032
-0.186;-0.002;-0.198;-0.059
-0.139;-0.103;-0.173;-0.1
-0.088;-0.237;-0.181;-0.083
-0.122;-0.176;-0.098;-0.127
-0.295;-0.022;-0.017;-0.088
-0.398;-0.063;-0.146;-0.215
-0.322;0.042;-0.164;-0.054
-0.1;-0.061;-0.127;-0.125
0.061;-0.068;-0.076;-0.073
-0.085;-0.225;-0.071;0.039
-0.125;-0.225;-0.254;0.046
-0.027;-0.264;-0.132;-0.237
-0.022;-0.168;0.02;0.01
-0.088;-0.2;-0.12;-0.149
-0.139;-0.254;-0.129;-0.081
0.02;-0.168;-0.239;-0.125
-0.022;-0.159;-0.081;-0.137
-0.212;-0.095;-0.068;-0.095
-0.22;-0.093;-0.151;-0.19
-0.122;-0.051;-0.256;-0.232
-0.044;0.032;-0.193;-0.103
-0.127;0.093;-0.078;-0.098
-0.01;-0.093;0.015;-0.022
-0.002;-0.083;-0.115;-0.005
-0.132;-0.027;-0.112;0.029
-0.176;0.042;-0.161;0.063
-0.166;-0.085;-0.063;-0.022
-0.137;0.024;-0.01;-0.029
-0.208;-0.188;-0.085;-0.059
-0.259;-0.176;-0.068;-0.12
-0.059;-0.234;-0.247;-0.129
0.017;-0.295;-0.19;-0.205
-0.042;-0.295;-0.073;-0.168
0.044;-0.212;-0.029;-0.215
-0.093;-0.073;-0.156;-0.164
-0.122;-0.103;-0.227;-0.051
-0.032;-0.071;-0.254;-0.007
-0.049;-0.093;-0.222;-0.012
-0.115;-0.151;-0.088;-0.12
-0.059;-0.132;-0.171;-0.034
-0.137;-0.278;-0.09;-0.051
-0.193;-0.042;0.032;-0.098
-0.369;-0.115;-0.027;-0.159
-0.146;-0.125;-0.122;-0.359
0.029;-0.234;-0.149;-0.237
-0.061;-0.068;-0.205;-0.164
-0.198;-0.181;-0.125;-0.127
-0.088;-0.107;-0.122;-0.195
-0.1;-0.264;-0.161;-0.232
-0.217;-0.134;-0.11;-0.039
-0.217;-0.168;-0.078;-0.005
0.002;-0.203;-0.208;-0.02
0.01;-0.205;-0.159;0.037
-0.046;-0.251;-0.029;-0.083
-0.105;-0.159;-0.1;-0.283
-0.132;-0.149;-0.168;0.032
-0.212;0.046;-0.31;-0.007
-0.156;0.081;-0.22;-0.203
-0.137;-0.359;-0.051;-0.193
-0.144;-0.288;0.076;-0.127
-0.278;-0.083;-0.078;-0.105
-0.251;0.054;-0.134;0.063
-0.029;-0.042;-0.276;-0.073
-0.12;-0.005;-0.132;0.005
-0.352;-0.044;-0.022;-0.02
-0.132;-0.012;-0.076;-0.149
-0.068;-0.159;-0.115;-0.227
-0.12;-0.144;-0.046;-0.059
-0.034;-0.032;0.046;-0.159
-0.12;-0.039;0.032;-0.007
-0.071;-0.171;-0.154;-0.044
-0.059;-0.139;-0.205;-0.168
-0.032;-0.203;-0.195;-0.161
-0.056;-0.356;-0.066;-0.061
-0.039;-0.059;-0.098;-0.066
-0.098;-0.115;-0.151;-0.107
-0.044;-0.164;-0.203;-0.024
0.112;-0.129;-0.095;-0.095
-0.09;0.012;-0.059;-0.066
-0.078;0.044;-0.11;-0.088
-0.068;0.071;-0.247;-0.188
-0.044;-0.051;-0.186;-0.188
-0.283;-0.125;-0.203;-0.308
-0.305;-0.168;-0.129;-0.1
-0.049;-0.249;-0.225;-0.076
0.044;-0.056;-0.093;0.005
-0.054;-0.127;-0.171;-0.159
-0.171;-0.081;-0.078;-0.129
-0.02;-0.085;-0.034;-0.159
-0.21;0.0;-0.073;-0.037
-0.144;-0.237;-0.117;-0.061
0.142;-0.188;-0.049;-0.081
0.068;-0.181;-0.076;-0.266
-0.264;-0.227;0.007;-0.242
-0.261;-0.312;-0.188;-0.037
-0.142;-0.212;-0.269;0.002
-0.171;-0.144;-0.251;-0.037
-0.056;-0.1;-0.085;-0.088
-0.2;-0.112;0.007;0.071
-0.139;-0.056;-0.056;0.032
-0.095;0.024;-0.112;-0.073
0.02;-0.083;-0.066;-0.112
-0.002;-0.046;-0.042;-0.142
-0.137;0.01;0.0;-0.139
-0.151;0.054;-0.093;-0.281
-0.164;-0.144;-0.154;-0.156
-0.11;-0.195;-0.081;-0.139
-0.293;-0.073;-0.068;-0.056
-0.144;-0.254;-0.115;-0.017
-0.122;-0.105;-0.132;-0.039
-0.139;-0.176;-0.034;-0.139
-0.105;-0.007;-0.054;-0.11
0.032;-0.168;-0.044;0.022
0.022;-0.2;-0.046;0.061
-0.061;-0.142;-0.156;-0.112
-0.022;-0.161;-0.264;-0.217
-0.039;-0.327;-0.195;-0.227
0.002;-0.21;-0.149;-0.188
-0.215;-0.076;-0.142;-0.154
-0.195;0.024;-0.237;-0.264
-0.088;0.042;-0.195;-0.161
-0.093;0.007;-0.144;-0.22
-0.093;-0.027;-0.137;-0.007
-0.132;-0.154;-0.151;-0.098
-0.203;-0.159;-0.059;-0.078
-0.237;-0.051;-0.19;-0.107
-0.083;0.034;-0.11;-0.178
-0.017;-0.229;-0.151;-0.098
-0.066;-0.203;-0.117;-0.205
-0.2;-0.146;-0.129;-0.295
-0.3;-0.21;-0.017;-0.22
-0.22;-0.188;-0.049;-0.176
-0.078;-0.205;-0.139;-0.112
0.054;-0.239;-0.037;-0.049
-0.061;-0.103;-0.071;-0.164
-0.146;-0.044;-0.093;-0.134
-0.054;-0.222;-0.2;0.129
0.134;-0.181;-0.251;0.046
0.015;-0.232;-0.222;0.056
-0.142;-0.09;-0.093;-0.154
-0.249;-0.034;-0.071;-0.173
-0.273;-0.032;-0.073;-0.142
-0.076;-0.085;-0.081;-0.09
-0.034;-0.046;-0.066;-0.117
-0.034;-0.112;-0.024;-0.076
-0.068;-0.076;-0.12;-0.132
-0.015;-0.046;-0.037;-0.181
-0.154;0.071;-0.066;-0.042
-0.242;0.066;-0.117;0.007
-0.029;-0.137;-0.227;-0.032
0.0;-0.164;-0.132;0.005
-0.039;-0.273;-0.083;-0.007
-0.129;-0.105;-0.085;-0.085
-0.11;-0.32;-0.029;-0.198
-0.134;-0.105;-0.056;-0.225
-0.076;-0.239;-0.059;-0.266
-0.044;-0.254;-0.054;-0.183
0.015;-0.12;-0.039;-0.178
-0.005;-0.093;-0.166;-0.056
-0.156;-0.029;-0.156;0.039
-0.129;-0.1;-0.225;-0.044
-0.056;-0.117;-0.1;-0.117
0.056;-0.159;-0.056;0.095
-0.056;-0.181;-0.073;0.051
-0.063;-0.181;-0.073;-0.139
-0.083;-0.198;-0.054;-0.164
-0.251;-0.188;-0.017;-0.266
-0.266;-0.125;-0.078;-0.107
-0.229;-0.193;-0.1;-0.112
-0.024;-0.024;-0.088;-0.071
-0.244;-0.139;-0.142;-0.215
-0.137;-0.171;-0.164;-0.115
-0.127;-0.186;-0.186;0.039
-0.205;-0.039;-0.09;-0.059
-0.205;-0.139;-0.142;-0.054
-0.076;-0.261;-0.168;-0.173
-0.012;-0.093;-0.085;-0.232
-0.137;-0.063;0.002;-0.132
-0.061;-0.244;-0.115;-0.088
-0.022;-0.195;-0.156;-0.159
-0.107;-0.093;-0.122;-0.09
-0.203;0.02;-0.134;-0.127
-0.098;-0.034;-0.137;-0.117
-0.217;-0.022;-0.193;-0.007
-0.256;-0.09;-0.173;-0.051
-0.225;-0.078;-0.115;-0.015
-0.154;-0.078;-0.071;-0.1
-0.166;-0.044;-0.132;-0.046
-0.195;-0.164;-0.151;-0.098
-0.115;-0.259;-0.09;-0.051
-0.154;-0.198;-0.068;-0.142
-0.098;-0.166;-0.083;-0.139
0.093;-0.295;-0.132;-0.171
-0.02;-0.19;-0.112;-0.115
-0.227;0.083;-0.002;-0.188
-0.256;-0.051;-0.061;-0.139
0.059;-0.156;-0.215;-0.137
0.002;-0.21;-0.229;-0.007
-0.039;-0.117;-0.322;-0.046
-0.034;-0.229;-0.085;-0.117
-0.037;-0.222;-0.034;-0.247
-0.225;-0.061;-0.005;-0.217
-0.269;-0.01;-0.208;-0.161
-0.085;0.09;-0.308;-0.063
-0.125;-0.144;-0.151;-0.095
-0.208;-0.144;0.044;-0.186
-0.12;-0.249;0.017;-0.237
-0.193;-0.295;-0.134;0.059
-0.33;-0.015;-0.222;0.061
-0.503;-0.007;-0.144;-0.139
-0.154;-0.112;0.022;-0.198
0.017;-0.173;0.078;-0.09
-0.19;-0.249;-0.051;-0.042
-0.078;-0.229;-0.217;0.095
0.117;-0.183;-0.229;-0.122
-0.022;-0.247;-0.007;-0.283
-0.017;-0.317;0.078;-0.144
-0.115;-0.239;-0.066;-0.083
-0.347;-0.166;-0.315;0.032
-0.125;-0.229;-0.222;-0.181
0.115;-0.181;-0.081;-0.161
0.034;0.022;-0.017;-0.129
-0.222;0.042;-0.088;0.078
-0.164;-0.139;-0.239;-0.049
0.071;0.039;-0.146;-0.11
-0.01;0.242;-0.122;-0.117
-0.203;0.076;-0.059;0.022
-0.244;-0.227;-0.137;-0.105
-0.083;-0.244;-0.127;-0.112
-0.173;-0.283;-0.122;-0.188
-0.337;-0.212;-0.002;-0.222
-0.344;-0.225;-0.02;-0.203
-0.154;-0.161;-0.032;-0.095
-0.2;-0.212;-0.198;-0.127
-0.066;-0.181;-0.127;-0.146
-0.093;-0.112;-0.107;-0.186
-0.066;-0.21;-0.078;-0.059
-0.127;-0.312;-0.149;0.002
-0.002;-0.244;-0.115;0.056
-0.002;-0.044;-0.068;-0.029
-0.193;-0.129;-0.078;-0.171
-0.024;-0.139;-0.032;-0.273
-0.107;-0.037;-0.203;-0.122
-0.225;0.105;-0.225;-0.171
-0.11;0.149;-0.19;-0.183
-0.142;0.005;-0.12;-0.122
-0.227;-0.039;-0.024;-0.044
-0.247;-0.076;-0.071;0.039
-0.151;-0.151;-0.068;-0.017
-0.195;-0.193;-0.081;-0.059
-0.007;-0.098;-0.01;-0.146
-0.139;0.0;-0.039;-0.127
-0.083;0.024;-0.059;-0.12
-0.046;0.051;-0.112;-0.22
-0.105;-0.085;-0.098;-0.215
-0.024;-0.254;-0.103;-0.176
0.024;-0.259;-0.203;-0.066
-0.034;-0.159;-0.183;-0.034
-0.007;-0.071;-0.183;0.085
0.095;-0.137;-0.183;-0.049
0.176;-0.159;-0.193;-0.098
0.007;-0.1;-0.188;-0.103
-0.183;-0.081;-0.144;-0.044
-0.276;0.015;-0.222;-0.027
-0.276;-0.012;-0.154;-0.071
-0.071;0.188;-0.132;-0.151
0.046;-0.112;-0.044;-0.073
-0.198;-0.212;-0.063;-0.088
-0.21;-0.161;-0.085;-0.217
-0.183;-0.09;-0.161;-0.115
-0.125;-0.083;-0.024;-0.085
-0.117;-0.061;0.015;-0.076
-0.085;-0.061;-0.056;-0.1
-0.098;-0.281;-0.137;-0.154
-0.125;-0.278;-0.071;-0.21
-0.042;-0.139;-0.02;-0.105
-0.039;-0.098;-0.085;-0.146
0.154;-0.132;-0.115;-0.183
0.027;-0.112;-0.234;-0.122
-0.007;-0.059;-0.083;-0.161
-0.068;-0.105;-0.042;-0.142
-0.11;-0.054;-0.09;-0.122
-0.293;0.017;-0.222;-0.098
-0.237;-0.085;-0.193;-0.061
0.046;-0.09;-0.039;-0.144
-0.049;-0.093;-0.049;-0.256
-0.32;-0.073;-0.095;-0.159
-0.359;-0.154;-0.251;-0.024
-0.193;-0.127;-0.198;-0.122
-0.251;-0.156;-0.205;-0.134
-0.027;-0.156;-0.002;-0.164
0.024;-0.276;0.002;-0.085
-0.291;-0.193;-0.122;-0.127
-0.317;-0.129;-0.151;-0.073
-0.186;-0.112;-0.134;-0.161
-0.059;-0.254;-0.066;-0.11
-0.095;-0.239;-0.107;-0.083
0.005;-0.3;-0.2;-0.022
-0.012;-0.151;-0.312;-0.076
-0.005;-0.173;-0.188;-0.144
0.015;-0.176;-0.027;-0.1
-0.073;-0.012;-0.181;-0.066
-0.203;0.117;-0.283;-0.127
-0.261;0.061;-0.222;-0.071
-0.173;-0.029;-0.11;-0.112
-0.198;-0.095;-0.044;-0.144
-0.005;-0.022;-0.051;-0.112
-0.068;0.117;-0.193;-0.051
-0.212;0.044;-0.144;-0.134
-0.247;-0.007;-0.042;-0.125
-0.308;-0.042;-0.007;-0.107
-0.332;-0.144;0.044;-0.059
-0.266;-0.234;-0.063;-0.078
-0.085;-0.259;-0.117;-0.183
0.044;-0.308;-0.012;-0.176
0.078;-0.176;0.056;-0.159
0.032;-0.122;-0.059;-0.212
0.088;-0.11;-0.222;-0.154
0.132;-0.137;-0.237;-0.251
-0.115;-0.205;-0.049;-0.188
-0.032;-0.046;-0.1;-0.117
-0.107;-0.181;-0.117;-0.105
-0.229;-0.073;-0.095;-0.032
-0.227;-0.222;-0.117;-0.09
-0.073;-0.056;-0.112;-0.02
-0.234;-0.051;-0.176;-0.09
-0.227;-0.061;-0.088;-0.122
-0.298;0.022;-0.154;-0.139
-0.129;-0.022;-0.195;-0.103
-0.078;-0.012;-0.144;-0.105
-0.02;-0.051;-0.098;-0.154
-0.117;0.046;-0.085;-0.146
-0.208;-0.098;-0.027;-0.154
-0.12;-0.1;-0.015;-0.005
-0.034;-0.139;-0.11;0.007
0.02;-0.132;-0.151;0.007
-0.037;-0.254;-0.132;-0.046
-0.044;-0.232;-0.088;-0.034
0.056;-0.171;-0.125;-0.002
0.049;-0.134;-0.244;-0.039
-0.002;-0.024;-0.205;0.017
-0.012;-0.002;-0.105;-0.061
-0.127;0.127;0.027;-0.061
-0.256;-0.039;-0.024;-0.085
-0.229;-0.022;-0.051;0.024
-0.188;-0.071;-0.195;-0.095
-0.176;-0.12;-0.122;0.0
-0.254;0.112;-0.127;-0.015
-0.356;0.081;-0.022;-0.11
-0.276;0.032;-0.034;-0.259
-0.178;-0.063;-0.005;-0.09
-0.176;-0.122;-0.061;-0.142
-0.225;-0.276;-0.083;-0.205
-0.195;-0.283;-0.049;-0.195
-0.085;-0.142;-0.024;-0.156
-0.161;-0.276;-0.066;-0.183
-0.195;-0.266;-0.159;-0.21
-0.081;-0.168;-0.149;-0.137
-0.071;-0.203;-0.117;-0.134
-0.042;-0.237;-0.139;-0.127
0.034;-0.134;-0.181;-0.232
0.037;-0.059;-0.188;-0.046
0.066;-0.256;-0.208;-0.188
-0.098;-0.276;-0.215;-0.161
-0.242;-0.137;-0.203;-0.159
-0.291;0.083;-0.134;-0.171
-0.237;-0.129;-0.112;-0.056
-0.178;-0.132;-0.129;-0.066
-0.188;0.034;-0.073;-0.09
-0.183;-0.098;-0.063;-0.083
-0.117;-0.117;-0.12;-0.061
-0.164;-0.076;-0.181;-0.09
-0.215;-0.056;-0.176;-0.027
-0.22;-0.076;-0.1;-0.063
-0.125;-0.173;-0.073;-0.156
0.103;-0.391;-0.005;-0.073
0.137;-0.144;-0.19;-0.029
-0.205;-0.007;-0.205;-0.024
-0.215;-0.186;-0.171;-0.022
-0.115;-0.122;-0.051;-0.164
0.063;-0.156;-0.02;-0.166
-0.049;0.027;-0.112;-0.061
-0.222;-0.105;-0.195;-0.037
-0.247;0.0;-0.281;-0.002
-0.19;-0.205;-0.176;-0.132
-0.181;-0.078;-0.088;-0.034
-0.317;-0.076;0.081;-0.063
-0.259;0.076;-0.012;-0.081
-0.186;-0.098;-0.029;-0.134
-0.271;-0.029;0.02;-0.166
-0.225;-0.103;0.027;-0.166
-0.122;0.005;-0.059;-0.161
-0.095;-0.083;-0.181;-0.146
-0.066;-0.066;-0.12;-0.217
0.044;-0.056;-0.154;-0.2
-0.078;-0.166;-0.129;-0.173
-0.078;-0.217;-0.161;-0.127
0.034;-0.308;-0.178;0.002
0.029;-0.288;-0.146;-0.081
-0.115;-0.088;-0.132;-0.19
-0.276;-0.181;-0.122;-0.142
0.007;-0.208;-0.154;-0.081
-0.012;-0.173;-0.168;-0.002
-0.095;-0.083;-0.186;-0.129
-0.151;0.076;-0.127;-0.164
-0.159;0.178;-0.156;-0.151
-0.205;-0.073;-0.093;-0.181
-0.103;-0.032;-0.173;-0.129
-0.195;-0.1;-0.181;0.005
-0.332;-0.017;-0.237;-0.042
-0.186;-0.166;-0.088;-0.244
-0.085;-0.283;-0.054;-0.298
-0.066;-0.244;-0.071;-0.085
-0.142;-0.161;-0.1;-0.071
-0.31;-0.132;-0.042;-0.063
-0.115;-0.229;-0.081;-0.183
-0.037;-0.183;-0.024;-0.132
-0.027;-0.132;-0.029;0.015
-0.083;-0.168;-0.142;-0.024
-0.078;-0.032;-0.286;-0.085
-0.098;-0.122;-0.276;-0.063
-0.088;-0.269;-0.073;0.012
-0.225;-0.151;-0.029;-0.127
-0.251;0.076;-0.222;-0.11
-0.256;-0.022;-0.254;-0.051
-0.125;0.029;-0.303;0.012
-0.208;-0.171;-0.181;-0.132
-0.249;-0.073;-0.1;-0.142
-0.256;-0.002;-0.071;-0.12
-0.352;-0.049;-0.103;-0.107
-0.239;-0.059;-0.105;-0.02
-0.178;0.015;-0.088;0.0
-0.024;-0.056;-0.005;-0.066
-0.144;-0.242;-0.017;-0.139
-0.098;-0.288;-0.159;-0.234
-0.134;-0.137;-0.227;-0.183
-0.125;-0.237;-0.251;-0.134
-0.142;-0.183;-0.132;-0.098
-0.139;-0.129;-0.051;-0.271
-0.171;0.012;-0.098;-0.225
-0.005;-0.288;-0.117;-0.146
0.105;-0.212;-0.173;-0.083
-0.012;-0.144;-0.137;-0.107
-0.034;-0.076;-0.122;-0.059
-0.068;-0.2;-0.117;-0.066
-0.137;-0.164;-0.12;-0.044
-0.176;-0.312;-0.186;-0.103
-0.205;-0.149;-0.203;-0.188
-0.161;-0.051;-0.205;-0.11
-0.227;-0.063;-0.027;-0.095
-0.283;-0.242;0.022;-0.146
-0.088;-0.291;-0.12;-0.19
0.039;-0.19;-0.095;0.0
-0.322;0.002;-0.012;-0.12
-0.352;0.015;-0.039;-0.198
-0.164;-0.149;-0.081;-0.073
-0.076;-0.181;-0.034;-0.149
-0.161;-0.168;-0.046;-0.212
-0.183;-0.183;-0.195;-0.127
-0.059;-0.227;-0.269;0.037
-0.059;-0.051;-0.056;0.007
-0.095;0.024;-0.051;-0.159
-0.139;0.068;-0.171;-0.112
-0.208;0.044;-0.247;-0.144
-0.239;-0.151;-0.098;-0.056
-0.098;-0.061;-0.137;-0.134
-0.061;-0.024;-0.107;-0.088
-0.176;-0.007;-0.203;-0.054
-0.298;-0.139;-0.132;0.059
-0.195;-0.178;-0.154;-0.115
-0.024;-0.2;-0.19;-0.161
-0.164;0.046;-0.095;-0.088
-0.288;-0.032;-0.139;-0.2
-0.2;-0.159;-0.103;-0.22
-0.208;-0.139;-0.171;-0.127
-0.071;-0.237;0.037;-0.217
-0.095;-0.112;0.007;-0.273
-0.029;-0.261;-0.112;-0.151
-0.007;-0.115;-0.166;-0.024
0.046;-0.132;-0.098;-0.173
0.029;-0.3;-0.059;-0.208
-0.046;-0.039;-0.22;-0.068
-0.237;-0.225;-0.134;-0.002
-0.032;-0.098;-0.203;-0.225
-0.029;-0.183;-0.195;-0.186
-0.364;-0.02;-0.159;-0.051
-0.291;-0.034;-0.085;0.012
-0.159;-0.054;-0.183;-0.208
-0.024;-0.122;-0.115;-0.129
-0.166;0.083;-0.002;-0.042
-0.298;-0.02;-0.059;-0.007
-0.225;-0.181;-0.188;0.139
-0.352;-0.107;-0.159;-0.042
-0.427;-0.1;-0.022;-0.266
-0.251;-0.225;-0.027;-0.1
-0.034;-0.049;-0.039;-0.039
-0.122;0.063;-0.107;-0.144
-0.151;0.098;-0.269;-0.171
-0.137;-0.078;-0.142;-0.1
-0.071;-0.415;-0.056;-0.095
-0.051;-0.173;-0.02;-0.176
-0.078;-0.142;-0.127;-0.181
-0.061;-0.134;-0.205;0.022
0.002;-0.1;-0.146;0.032
-0.085;-0.073;-0.151;-0.168
-0.032;-0.012;-0.215;-0.098
-0.034;-0.073;-0.142;-0.051
-0.249;-0.059;-0.061;-0.115
-0.317;-0.098;-0.22;-0.09
-0.112;-0.171;-0.298;-0.139
-0.01;-0.027;-0.195;-0.09
-0.425;-0.078;0.01;-0.112
-0.415;0.046;-0.076;-0.383
-0.122;-0.164;-0.137;-0.2
-0.007;-0.146;-0.088;-0.073
-0.247;-0.2;-0.039;-0.144
-0.208;-0.166;-0.161;-0.173
-0.12;-0.359;-0.046;-0.051
-0.083;-0.186;-0.005;-0.251
-0.083;-0.2;-0.061;-0.149
-0.061;-0.186;-0.188;-0.156
-0.139;-0.198;-0.222;-0.142
-0.093;-0.151;-0.171;-0.103
0.059;-0.247;0.032;-0.264
-0.071;-0.105;-0.01;-0.256
-0.305;-0.007;-0.281;-0.071
-0.337;0.061;-0.234;0.0
-0.161;0.007;-0.076;-0.176
-0.012;-0.156;-0.166;-0.149
-0.093;-0.044;-0.042;0.151
-0.178;0.068;-0.088;-0.039
-0.332;-0.056;-0.037;-0.098
-0.229;-0.139;-0.127;-0.137
0.056;-0.159;-0.029;-0.093
-0.02;-0.122;-0.09;-0.12
-0.156;0.002;-0.085;-0.166
-0.308;0.02;-0.051;-0.181
-0.115;-0.225;0.007;-0.198
0.061;-0.237;0.044;-0.166
-0.017;-0.225;-0.154;-0.159
-0.122;-0.264;-0.215;-0.049
-0.247;-0.146;-0.12;-0.107
-0.095;-0.037;-0.076;-0.171
-0.122;-0.205;-0.083;-0.215
-0.022;-0.166;-0.256;-0.054
-0.156;-0.015;-0.19;-0.01
-0.154;-0.11;-0.195;-0.239
-0.164;-0.01;-0.01;-0.02
-0.156;0.134;-0.042;-0.237
-0.237;-0.024;-0.032;-0.024
-0.208;-0.066;-0.251;-0.027
-0.361;-0.095;-0.078;0.044
-0.41;0.012;-0.166;-0.315
-0.088;-0.164;-0.186;-0.073
0.083;-0.107;-0.049;-0.095
-0.005;-0.208;-0.068;-0.352
-0.073;0.059;-0.103;-0.071
-0.239;-0.085;-0.073;-0.2
-0.107;-0.195;-0.073;-0.142
-0.056;-0.181;-0.237;-0.046
0.066;-0.178;-0.132;0.002
0.049;-0.232;-0.1;-0.173
-0.085;-0.269;0.02;0.024
-0.1;-0.276;-0.217;-0.161
0.054;-0.154;-0.115;0.051
-0.076;-0.017;-0.337;-0.139
-0.127;-0.11;-0.063;0.054
-0.061;-0.024;-0.027;-0.239
-0.146;-0.022;0.061;-0.151
-0.161;0.005;-0.176;-0.168
-0.232;-0.2;-0.139;-0.029
-0.129;-0.083;-0.215;-0.256
-0.12;-0.125;0.11;-0.046
-0.022;0.002;-0.205;-0.488
-0.056;0.002;0.061;-0.002
-0.117;-0.093;0.083;-0.19
0.095;-0.361;-0.105;-0.215
-0.115;-0.281;-0.125;0.112
-0.151;-0.098;-0.085;-0.181
-0.237;-0.037;-0.173;-0.139
0.017;-0.095;-0.149;0.095
0.232;-0.083;0.093;-0.144
0.007;-0.154;-0.225;-0.081
-0.188;0.007;-0.166;0.151
-0.007;-0.291;-0.154;-0.251
0.164;-0.137;-0.122;-0.012
0.042;-0.303;-0.244;-0.071
-0.198;0.02;-0.2;-0.085
-0.327;0.105;0.098;0.134
-0.53;0.159;-0.166;-0.1
-0.129;-0.088;-0.354;-0.034
0.059;-0.117;-0.156;0.085
-0.215;0.078;0.039;-0.356
-0.349;-0.005;-0.029;-0.078
-0.098;-0.09;-0.325;0.0
-0.132;-0.242;-0.151;-0.217
-0.042;-0.098;-0.037;-0.09
-0.029;0.122;0.049;-0.142
-0.059;-0.173;-0.208;-0.298
-0.088;-0.371;-0.234;-0.005
-0.046;-0.315;-0.078;-0.188
-0.049;-0.129;-0.127;-0.276
-0.085;-0.171;-0.071;-0.032
0.115;-0.215;-0.105;-0.085
0.132;-0.061;-0.137;-0.117
-0.112;-0.073;-0.151;-0.002
-0.33;-0.029;-0.063;-0.22
-0.298;-0.09;-0.132;-0.134
-0.046;0.029;-0.166;0.1
-0.081;-0.049;-0.115;-0.166
-0.178;-0.129;-0.081;-0.154
-0.251;-0.232;-0.186;-0.01
-0.12;-0.076;-0.251;-0.085
-0.146;-0.034;-0.117;-0.095
-0.103;-0.029;-0.054;-0.127
-0.034;0.002;-0.061;-0.354
0.005;-0.032;-0.044;-0.159
-0.212;-0.303;-0.1;-0.051
-0.127;-0.181;-0.081;-0.12
-0.129;-0.266;-0.044;-0.078
0.037;-0.227;0.029;-0.156
0.02;-0.2;-0.032;-0.142
-0.095;-0.193;-0.19;0.085
-0.208;0.076;-0.3;0.054
-0.173;-0.024;-0.227;-0.088
0.071;-0.159;-0.095;-0.134
0.266;-0.151;-0.078;-0.364
-0.083;-0.032;-0.205;-0.139
-0.332;-0.066;-0.332;0.083
-0.374;-0.217;-0.386;-0.049
-0.21;-0.273;-0.19;-0.066
-0.059;-0.168;0.02;-0.205
-0.183;-0.095;-0.002;-0.3
-0.161;0.056;-0.139;-0.154
-0.205;0.083;-0.176;0.017
-0.271;-0.156;-0.159;-0.181
-0.183;-0.305;-0.002;-0.105
0.112;-0.254;-0.015;-0.276
-0.093;-0.254;-0.027;-0.259
-0.22;-0.134;-0.208;0.037
-0.161;-0.156;-0.227;-0.11
0.02;-0.156;-0.103;-0.186
0.059;-0.122;-0.12;0.024
-0.061;-0.151;-0.1;-0.059
-0.024;-0.212;-0.117;-0.151
-0.093;-0.237;-0.171;-0.166
-0.066;-0.149;-0.129;-0.322
-0.083;-0.012;-0.132;-0.208
0.017;-0.046;-0.054;-0.127
-0.117;-0.1;-0.115;-0.222
-0.21;0.105;-0.125;-0.173
-0.356;0.044;-0.103;-0.168
-0.002;-0.098;-0.12;-0.061
-0.024;-0.139;-0.139;0.0
-0.195;-0.132;-0.09;-0.105
-0.237;-0.137;-0.066;-0.154
-0.264;-0.078;-0.054;-0.059
-0.247;-0.205;-0.076;-0.146
0.02;0.0;-0.085;-0.115
0.276;-0.159;-0.068;-0.181
0.061;-0.068;-0.042;-0.283
-0.286;-0.103;-0.017;-0.154
-0.261;-0.032;-0.176;0.059
-0.012;-0.22;-0.244;0.002
0.017;-0.129;-0.132;-0.005
-0.212;-0.117;-0.085;-0.171
-0.208;-0.134;-0.059;-0.093
-0.237;-0.073;-0.312;0.063
-0.183;0.19;-0.188;0.076
-0.146;-0.027;-0.161;-0.229
-0.029;-0.081;0.044;-0.142
-0.068;-0.269;-0.093;-0.212
-0.354;-0.061;-0.19;-0.127
-0.427;0.042;-0.276;-0.212
-0.273;-0.039;-0.095;-0.154
-0.049;-0.149;-0.029;-0.061
0.005;-0.129;-0.032;0.029
-0.088;-0.159;-0.127;-0.105
-0.151;-0.256;-0.173;-0.132
-0.017;-0.317;-0.071;-0.139
0.088;-0.308;0.007;-0.21
0.078;-0.347;-0.061;-0.083
0.095;-0.22;-0.222;-0.044
0.015;-0.002;-0.22;-0.229
-0.129;0.002;-0.088;-0.22
-0.161;-0.049;-0.066;-0.159
-0.024;-0.017;-0.156;-0.229
-0.046;-0.168;-0.171;-0.117
-0.215;-0.205;-0.164;-0.063
-0.303;-0.176;-0.09;-0.02
-0.315;-0.103;-0.081;-0.022
-0.239;-0.095;-0.146;-0.007
-0.168;-0.151;-0.161;-0.146
-0.09;-0.127;-0.085;-0.159
-0.076;-0.186;-0.017;-0.178
-0.105;-0.154;-0.017;-0.168
-0.217;-0.115;-0.085;-0.063
-0.088;-0.193;-0.103;-0.059
0.032;-0.151;-0.129;-0.015
-0.034;-0.193;-0.032;-0.139
-0.188;-0.295;-0.046;-0.063
-0.193;-0.112;-0.129;-0.071
-0.085;-0.261;-0.198;-0.012
-0.039;-0.229;-0.178;-0.051
-0.146;-0.029;-0.061;-0.068
-0.203;0.229;-0.044;-0.156
-0.156;0.105;-0.129;-0.071
-0.166;-0.002;-0.208;-0.007
-0.09;-0.151;-0.139;-0.063
-0.066;-0.002;-0.022;-0.11
-0.178;-0.01;-0.037;-0.171
-0.312;-0.027;-0.134;-0.051
-0.315;-0.078;-0.1;-0.105
-0.066;-0.198;-0.129;-0.022
-0.168;-0.146;-0.095;-0.146
-0.166;-0.142;-0.042;-0.21
0.002;-0.159;-0.054;-0.122
-0.056;-0.117;-0.1;-0.239
-0.081;0.002;-0.125;-0.032
0.034;0.042;-0.208;-0.029
0.171;-0.149;-0.129;-0.159
0.095;-0.276;-0.071;-0.205
-0.051;-0.256;-0.054;-0.09
-0.159;-0.146;-0.146;-0.144
-0.066;-0.193;-0.195;-0.083
-0.088;-0.088;-0.217;-0.11
-0.168;-0.002;-0.056;-0.154
-0.225;0.063;-0.081;-0.146
-0.093;-0.107;-0.151;-0.178
-0.046;-0.039;-0.146;-0.088
-0.134;-0.164;-0.151;-0.144
-0.078;0.039;-0.09;-0.115
-0.339;0.027;-0.11;-0.159
-0.229;0.073;-0.09;-0.166
-0.12;-0.073;-0.088;-0.112
-0.034;-0.115;-0.132;-0.024
-0.122;-0.217;-0.125;-0.12
-0.166;-0.171;-0.059;-0.166
-0.059;-0.146;-0.156;-0.122
0.071;-0.178;-0.112;-0.007
-0.068;-0.19;-0.073;0.071
0.054;-0.161;-0.059;-0.315
0.105;-0.12;-0.12;-0.146
0.085;-0.422;-0.193;-0.063
-0.088;-0.3;-0.125;-0.029
-0.129;-0.085;-0.161;-0.073
-0.308;-0.066;-0.078;0.073
-0.134;0.034;-0.122;-0.11
0.105;0.022;0.022;-0.193
-0.051;-0.029;-0.09;-0.103
-0.22;-0.078;-0.115;-0.066
-0.212;-0.042;-0.095;-0.078
-0.098;-0.244;-0.054;-0.156
-0.288;-0.254;0.061;-0.088
-0.471;0.066;-0.154;-0.242
-0.312;-0.022;-0.081;-0.063
-0.225;-0.349;-0.19;-0.076
-0.127;-0.203;-0.022;-0.229
-0.066;-0.032;-0.054;-0.168
0.034;-0.088;-0.083;-0.181
-0.034;-0.212;-0.188;-0.173
-0.122;-0.22;-0.237;-0.21
-0.027;-0.195;-0.063;-0.181
0.039;-0.105;-0.105;-0.181
0.017;-0.181;-0.156;-0.078
0.081;-0.063;-0.266;-0.225
-0.103;-0.042;-0.229;-0.161
-0.117;0.063;-0.178;-0.098
-0.024;-0.088;-0.049;-0.156
-0.107;-0.168;-0.142;-0.222
-0.176;-0.132;-0.149;-0.244
-0.208;-0.205;-0.156;-0.125
-0.225;0.095;-0.095;-0.117
-0.261;-0.022;-0.056;-0.081
0.029;-0.11;-0.01;-0.085
0.015;-0.085;0.0;-0.015
-0.203;-0.149;-0.063;-0.076
-0.161;-0.083;-0.059;-0.103
0.005;-0.2;-0.063;-0.081
-0.027;-0.166;-0.071;-0.117
-0.095;-0.107;-0.071;-0.044
-0.117;-0.027;-0.098;-0.078
-0.09;-0.129;-0.1;-0.09
0.198;-0.281;-0.156;-0.134
0.132;-0.239;-0.225;-0.046
-0.015;-0.088;-0.178;-0.076
-0.303;0.083;-0.112;-0.073
-0.327;-0.193;-0.156;-0.071
-0.161;-0.21;-0.237;-0.095
-0.032;-0.085;-0.159;-0.071
-0.19;-0.034;-0.125;-0.107
-0.142;-0.066;-0.093;0.024
0.044;-0.222;-0.056;-0.195
-0.283;-0.168;-0.039;-0.127
-0.471;-0.039;-0.178;-0.12
-0.315;-0.183;-0.098;-0.1
-0.139;-0.332;0.005;-0.264
-0.046;-0.176;0.049;-0.125
-0.098;-0.029;-0.037;-0.146
-0.024;0.129;-0.037;-0.056
-0.125;-0.122;-0.159;-0.139
0.095;-0.291;-0.1;-0.156
0.281;-0.366;-0.005;-0.088
0.054;-0.181;0.042;-0.117
-0.188;0.017;-0.115;-0.088
-0.078;-0.051;-0.244;-0.208
0.146;-0.271;-0.166;-0.256
0.154;0.0;-0.093;-0.168
-0.103;0.046;-0.071;-0.002
-0.188;0.132;-0.195;-0.168
-0.017;-0.344;-0.161;-0.2
0.049;-0.19;-0.127;-0.132
-0.044;-0.039;-0.093;-0.125
-0.012;0.015;-0.107;-0.139
-0.186;-0.068;-0.071;-0.193
-0.161;-0.112;-0.09;-0.166
-0.164;-0.012;-0.017;-0.171
-0.012;-0.178;-0.093;-0.166
-0.042;-0.356;-0.056;-0.093
-0.088;-0.256;-0.081;-0.103
-0.063;-0.073;-0.083;-0.059
-0.027;-0.132;-0.139;-0.051
-0.098;-0.159;-0.127;0.024
-0.11;-0.256;-0.212;-0.127
0.061;-0.178;-0.161;-0.215
-0.117;-0.447;-0.095;-0.122
-0.176;0.015;-0.076;-0.076
-0.095;-0.039;-0.168;-0.125
0.024;0.103;-0.137;-0.071
0.1;-0.044;-0.139;-0.107
-0.01;0.083;-0.103;-0.19
-0.249;-0.115;0.049;0.005
-0.352;-0.068;-0.127;0.037
-0.322;-0.198;-0.234;0.029
-0.33;-0.01;-0.12;-0.015
-0.217;-0.286;-0.039;-0.225
-0.12;0.02;0.017;-0.249
-0.242;-0.049;-0.098;-0.081
-0.251;0.115;-0.203;-0.071
-0.027;-0.334;-0.151;-0.059
0.269;-0.186;0.044;-0.156
0.0;-0.371;0.1;-0.19
-0.298;-0.132;-0.044;-0.073
-0.129;-0.168;-0.181;0.037
-0.083;-0.203;-0.229;-0.068
0.088;-0.195;-0.063;-0.115
0.105;-0.205;-0.054;-0.151
0.01;-0.076;-0.068;-0.217
-0.088;-0.173;-0.173;-0.205
-0.208;-0.007;-0.137;-0.149
-0.156;-0.139;-0.146;-0.149
0.068;0.054;-0.029;-0.017
0.071;0.088;-0.139;-0.208
-0.212;0.034;-0.056;-0.093
-0.266;-0.115;-0.078;-0.115
-0.21;-0.149;-0.078;-0.061
-0.156;-0.149;-0.151;-0.056
-0.112;-0.195;-0.081;-0.076
-0.088;-0.144;-0.068;-0.139
-0.107;-0.042;-0.054;-0.078
-0.156;-0.146;-0.061;-0.078
-0.083;-0.19;-0.063;-0.176
0.027;-0.266;-0.046;-0.183
-0.024;-0.139;-0.076;-0.066
-0.227;0.151;-0.122;0.007
-0.142;-0.085;-0.183;-0.002
0.049;-0.305;-0.193;-0.049
0.125;-0.295;-0.225;-0.117
-0.022;-0.107;-0.164;-0.1
-0.22;-0.073;-0.117;0.046
-0.234;-0.203;-0.154;-0.02
-0.073;0.12;-0.205;-0.129
-0.173;-0.181;-0.151;-0.054
-0.037;0.168;-0.059;-0.032
0.032;-0.11;-0.078;-0.378
-0.137;-0.242;-0.059;-0.308
-0.391;-0.261;0.0;-0.039
-0.347;0.02;-0.056;0.024
-0.22;-0.127;-0.088;-0.168
-0.032;-0.452;0.032;-0.164
0.0;-0.293;0.022;-0.232
0.017;-0.222;0.022;-0.071
-0.198;-0.264;-0.183;-0.129
-0.037;-0.005;-0.225;-0.181
0.027;-0.222;-0.149;-0.249
0.093;-0.176;0.112;-0.222
-0.117;-0.127;-0.063;-0.173
-0.269;0.139;-0.293;-0.146
-0.186;-0.198;-0.283;-0.088
0.029;-0.178;-0.132;-0.127
-0.183;0.046;-0.073;-0.115
-0.383;0.212;-0.076;-0.122
0.012;-0.061;-0.217;-0.02
0.281;-0.249;-0.2;0.039
0.015;-0.061;-0.193;-0.105
-0.344;-0.059;-0.056;-0.046
-0.22;-0.083;-0.046;-0.266
0.017;-0.183;-0.042;-0.2
-0.159;0.015;-0.039;-0.156
-0.337;0.029;-0.098;-0.12
-0.11;-0.161;-0.078;-0.049
0.039;-0.073;-0.051;-0.012
-0.083;-0.271;-0.037;-0.073
0.007;-0.083;-0.137;-0.129
0.005;-0.156;-0.149;0.037
-0.129;0.139;-0.164;-0.032
-0.068;0.061;-0.171;-0.061
0.286;-0.081;-0.095;-0.12
0.181;-0.085;-0.127;-0.127
-0.107;-0.024;-0.188;-0.073
-0.251;0.01;-0.264;-0.049
-0.225;-0.261;-0.215;-0.103
-0.261;-0.134;-0.166;-0.039
-0.244;-0.156;-0.112;-0.034
-0.056;0.024;-0.093;0.063
0.002;0.066;-0.237;-0.078
-0.029;-0.002;-0.122;-0.107
-0.264;-0.105;-0.171;-0.134
-0.276;-0.051;-0.103;-0.093
-0.283;-0.11;-0.168;-0.149
-0.059;-0.315;-0.125;-0.112
-0.049;-0.247;-0.09;-0.137
-0.276;-0.19;-0.098;-0.166
-0.22;-0.205;-0.125;-0.127
-0.032;-0.32;-0.1;-0.161
-0.029;-0.225;-0.166;-0.156
-0.063;-0.181;-0.093;-0.112
0.063;-0.146;-0.042;-0.164
0.076;-0.046;-0.066;-0.164
-0.015;0.103;-0.161;-0.181
-0.024;0.056;-0.215;-0.076
-0.017;-0.178;-0.142;-0.2
-0.073;-0.166;-0.066;-0.212
-0.242;-0.085;-0.044;-0.19
-0.291;-0.212;-0.117;-0.203
-0.22;-0.044;-0.2;-0.159
-0.237;-0.19;-0.115;-0.161
-0.142;-0.139;-0.01;-0.134
-0.081;-0.151;0.022;-0.161
-0.117;-0.142;-0.034;-0.149
-0.227;-0.078;-0.083;-0.115
-0.117;-0.156;-0.088;-0.044
-0.125;-0.242;-0.076;-0.054
-0.022;-0.31;-0.056;-0.068
-0.012;-0.164;-0.095;-0.188
0.012;-0.173;-0.161;-0.073
-0.178;-0.129;-0.193;-0.059
-0.293;-0.103;-0.132;-0.115
-0.212;-0.146;-0.205;-0.09
-0.098;-0.242;-0.2;-0.073
-0.085;-0.222;-0.144;-0.049
-0.171;-0.054;-0.093;0.015
-0.212;-0.073;-0.11;-0.093
-0.232;0.142;-0.181;-0.09
-0.237;-0.007;-0.183;-0.061
-0.19;-0.154;-0.115;-0.027
-0.229;-0.134;-0.12;-0.083
-0.166;-0.112;-0.168;-0.071
-0.276;0.051;-0.098;-0.056
-0.215;0.012;-0.125;-0.083
-0.151;0.088;-0.078;-0.159
-0.09;-0.09;-0.051;-0.149
-0.059;-0.186;-0.076;-0.142
-0.1;-0.339;-0.103;-0.234
-0.015;-0.242;-0.107;-0.159
0.005;-0.029;-0.066;-0.164
-0.22;-0.09;-0.12;-0.115
-0.237;-0.195;-0.146;-0.11
0.054;-0.149;-0.173;-0.071
-0.032;-0.134;-0.139;-0.066
-0.032;-0.215;-0.103;-0.127
-0.01;-0.115;-0.107;-0.073
-0.173;-0.005;-0.186;-0.046
-0.31;-0.149;-0.19;-0.142
-0.125;-0.264;-0.103;-0.09
-0.078;-0.205;-0.051;-0.203
-0.178;-0.093;-0.071;-0.19
-0.088;0.027;-0.137;-0.186
-0.066;-0.149;-0.127;-0.066
-0.027;-0.078;-0.117;-0.02
-0.142;-0.063;-0.039;-0.061
-0.081;0.056;-0.098;-0.166
-0.19;-0.132;-0.063;-0.061
-0.051;0.024;-0.151;-0.049
0.264;-0.3;-0.1;-0.242
0.005;-0.249;-0.054;-0.164
-0.242;-0.364;-0.063;-0.051
-0.4;-0.156;-0.129;0.005
-0.144;-0.334;-0.171;-0.034
0.017;-0.244;-0.083;-0.061
-0.034;-0.159;-0.081;-0.132
-0.11;0.127;-0.09;0.029
-0.308;0.081;-0.21;0.144
-0.227;0.024;-0.237;-0.002
-0.144;-0.105;-0.132;-0.11
-0.234;-0.059;-0.005;-0.083
-0.344;0.0;-0.015;-0.103
-0.356;-0.083;-0.159;-0.19
-0.085;-0.266;-0.142;-0.171
-0.103;-0.146;-0.095;-0.105
-0.312;0.029;0.002;-0.063
-0.305;0.012;-0.005;-0.139
0.02;-0.195;-0.063;-0.073
-0.173;-0.371;-0.132;-0.166
-0.19;0.002;-0.117;-0.212
-0.278;0.027;-0.098;-0.032
0.078;-0.071;-0.151;-0.017
0.151;-0.227;-0.122;-0.334
0.007;-0.01;-0.093;-0.371
-0.2;-0.059;-0.156;-0.078
-0.317;-0.2;-0.098;-0.002
-0.183;-0.298;-0.2;-0.083
-0.117;-0.476;-0.249;-0.21
-0.21;0.005;-0.078;-0.222
-0.271;-0.146;0.007;-0.061
-0.115;0.247;-0.088;0.012
0.127;-0.295;-0.149;-0.173
0.122;0.034;-0.198;-0.266
-0.322;-0.159;0.081;-0.063
-0.481;0.129;0.005;-0.027
-0.281;-0.034;-0.234;-0.132
0.015;-0.073;-0.144;-0.002
0.017;-0.239;-0.034;-0.107
-0.232;0.059;0.007;-0.081
-0.337;-0.039;-0.146;0.056
0.007;-0.303;-0.159;-0.093
0.149;-0.354;-0.117;-0.198
0.012;-0.208;0.093;-0.186
-0.271;-0.212;-0.044;-0.01
-0.178;-0.09;-0.251;0.0
-0.103;-0.159;-0.286;0.054
-0.068;-0.125;-0.142;-0.051
-0.247;-0.002;0.022;-0.037
-0.217;-0.015;-0.078;-0.2
-0.01;-0.195;-0.156;0.01
-0.061;-0.322;-0.249;-0.056
-0.288;-0.19;-0.068;-0.164
-0.295;-0.161;-0.105;-0.134
-0.039;-0.061;-0.029;0.012
0.015;-0.1;-0.125;-0.203
-0.129;0.139;-0.129;-0.261
-0.2;-0.095;-0.125;-0.188
-0.173;0.039;-0.066;-0.09
-0.186;-0.117;-0.078;-0.063
-0.076;-0.254;-0.071;-0.044
-0.088;-0.129;-0.1;-0.129
-0.281;-0.166;-0.037;-0.09
0.039;-0.227;-0.059;-0.076
0.024;-0.261;-0.166;-0.1
0.083;-0.137;-0.173;-0.195
-0.227;0.054;-0.156;-0.166
-0.176;0.034;-0.112;-0.2
-0.095;-0.127;-0.127;-0.059
0.12;-0.349;-0.186;-0.083
-0.034;-0.032;-0.146;-0.151
-0.422;0.112;-0.137;-0.02
-0.22;-0.122;-0.103;-0.078
-0.039;-0.369;-0.146;-0.115
-0.125;-0.154;-0.151;-0.088
-0.327;-0.315;-0.127;-0.188
-0.083;-0.205;-0.039;-0.203
0.098;-0.298;-0.007;-0.256
0.005;-0.012;-0.037;-0.215
-0.11;0.005;-0.154;-0.042
-0.112;-0.029;-0.129;-0.09
-0.11;-0.154;-0.117;-0.103
-0.115;-0.205;-0.156;-0.088
-0.051;-0.22;-0.125;-0.049
0.015;-0.039;-0.134;-0.037
-0.186;-0.122;-0.137;-0.105
-0.173;-0.103;-0.156;-0.007
-0.115;-0.151;-0.256;-0.005
-0.132;-0.127;-0.166;-0.032
-0.225;-0.066;-0.161;-0.129
-0.095;-0.042;-0.081;-0.142
-0.127;-0.146;-0.054;-0.127
-0.227;-0.117;-0.095;-0.005
-0.222;-0.029;-0.142;-0.022
-0.271;0.005;-0.134;-0.071
-0.112;-0.093;-0.063;-0.205
-0.056;-0.21;-0.088;-0.178
-0.005;-0.2;-0.078;-0.051
-0.068;-0.115;-0.11;-0.046
-0.076;-0.032;-0.129;-0.161
-0.063;-0.408;-0.078;-0.217
-0.042;-0.286;-0.059;-0.168
-0.122;-0.203;-0.125;-0.134
-0.056;-0.049;-0.134;-0.117
-0.046;-0.115;-0.105;-0.12
-0.173;-0.103;-0.168;-0.198
-0.168;-0.229;-0.112;-0.166
-0.078;-0.042;-0.117;-0.159
-0.122;-0.083;-0.083;-0.215
-0.161;-0.071;-0.11;-0.105
-0.198;0.005;-0.137;0.0
-0.205;0.017;-0.132;-0.168
-0.188;0.081;-0.1;-0.176
-0.125;-0.244;-0.129;-0.22
-0.054;-0.288;-0.076;-0.237
-0.103;-0.054;-0.132;-0.09
-0.229;-0.005;-0.154;-0.188
-0.078;-0.144;-0.112;-0.203
0.007;-0.283;-0.054;-0.178
-0.059;-0.291;0.034;-0.027
-0.112;-0.178;-0.056;-0.02
-0.076;-0.117;-0.09;-0.015
-0.112;0.01;-0.154;-0.032
-0.027;-0.137;-0.095;-0.09
-0.017;-0.144;-0.115;-0.056
-0.154;-0.054;-0.127;-0.049
-0.095;-0.076;-0.073;-0.066
-0.256;-0.061;-0.115;-0.078
0.076;-0.002;-0.117;-0.034
0.083;-0.02;-0.068;-0.063
-0.156;0.017;-0.059;-0.103
-0.366;-0.071;-0.129;-0.093
-0.183;0.134;-0.071;-0.164
-0.203;-0.09;-0.073;-0.11
-0.273;-0.247;-0.12;-0.112
-0.02;-0.002;-0.105;-0.208
0.029;-0.088;-0.098;-0.176
-0.127;-0.171;-0.044;-0.083
-0.156;-0.144;-0.061;-0.178
-0.068;-0.117;-0.132;-0.073
-0.095;-0.166;-0.164;-0.117
-0.054;-0.054;-0.127;-0.09
-0.054;-0.103;-0.076;-0.09
-0.017;-0.11;-0.083;-0.159
0.005;-0.166;-0.176;-0.225
-0.164;-0.166;-0.239;-0.237
-0.178;-0.239;-0.164;-0.198
-0.176;-0.029;-0.132;-0.083
-0.364;0.049;-0.166;-0.154
-0.281;-0.061;-0.132;-0.127
-0.081;-0.234;-0.078;-0.105
-0.039;-0.112;-0.078;-0.154
-0.107;0.01;-0.071;-0.181
-0.01;-0.369;-0.063;-0.149
-0.308;0.061;-0.046;-0.222
-0.408;-0.186;0.012;-0.1
-0.237;0.095;-0.059;-0.073
0.193;-0.352;-0.122;-0.173
0.02;-0.005;-0.156;-0.134
-0.203;-0.237;0.073;0.022
-0.142;-0.049;-0.203;-0.183
-0.095;-0.103;-0.168;-0.02
0.012;-0.251;-0.168;-0.132
-0.007;-0.354;-0.054;-0.303
-0.251;-0.098;-0.151;-0.142
-0.186;0.176;-0.251;-0.015
-0.063;0.134;-0.22;-0.198
0.098;-0.071;-0.193;-0.127
0.115;-0.137;-0.078;-0.066
-0.095;-0.195;-0.171;-0.193
-0.286;-0.007;-0.159;-0.002
0.071;-0.085;-0.227;-0.007
0.071;0.046;-0.066;-0.161
-0.427;-0.11;-0.078;0.02
-0.339;-0.073;-0.022;-0.137
0.02;-0.212;-0.02;-0.164
-0.044;-0.286;-0.161;-0.02
-0.127;-0.168;-0.156;-0.093
-0.134;-0.115;-0.103;-0.173
-0.005;-0.125;0.044;-0.068
0.063;-0.256;-0.127;-0.178
-0.059;-0.144;-0.117;-0.137
-0.232;-0.232;-0.115;-0.098
-0.264;-0.063;-0.107;-0.181
-0.146;-0.144;-0.144;-0.186
-0.1;-0.215;-0.168;-0.039
-0.168;-0.259;-0.183;-0.073
-0.168;-0.188;-0.095;-0.059
-0.31;-0.139;-0.146;-0.232
-0.059;-0.276;-0.171;-0.146
-0.073;-0.195;-0.139;-0.073
0.007;-0.037;-0.122;-0.208
-0.125;-0.198;-0.076;-0.054
-0.229;-0.107;-0.105;-0.063
-0.122;-0.176;-0.078;-0.237
-0.371;-0.271;-0.078;-0.159
-0.156;-0.024;-0.042;-0.125
-0.085;0.042;-0.059;-0.205
0.02;-0.208;-0.122;-0.11
-0.098;-0.269;-0.127;-0.029
-0.195;-0.215;-0.129;-0.122
-0.203;-0.139;-0.076;-0.078
0.034;-0.107;-0.056;-0.188
-0.007;-0.2;-0.059;-0.083
-0.332;-0.071;-0.142;0.0
-0.442;0.134;-0.222;-0.037
-0.222;-0.105;-0.193;-0.122
0.037;-0.193;-0.083;-0.146
-0.056;-0.081;0.0;-0.134
-0.154;0.017;-0.125;-0.081
-0.164;0.156;-0.212;-0.095
-0.19;-0.032;-0.171;-0.129
-0.151;-0.09;-0.066;-0.127
-0.188;-0.088;-0.081;-0.068
-0.073;-0.264;-0.105;-0.034
-0.183;-0.2;-0.159;-0.044
-0.195;-0.132;-0.139;-0.083
-0.2;-0.122;-0.103;-0.107
-0.107;-0.237;-0.071;-0.107
-0.225;-0.142;-0.103;-0.173
-0.093;-0.088;-0.12;-0.183
-0.002;-0.027;-0.112;-0.09
-0.193;-0.186;-0.156;-0.139
-0.193;-0.134;-0.103;-0.117
-0.063;-0.215;-0.024;-0.127
0.034;-0.068;-0.068;-0.129
-0.205;-0.139;-0.144;-0.09
-0.171;-0.139;-0.129;-0.081
-0.037;-0.139;-0.105;-0.186
-0.024;-0.144;-0.154;-0.183
-0.312;-0.002;-0.11;-0.073
-0.215;-0.137;-0.161;-0.178
-0.149;-0.078;-0.032;-0.203
-0.166;0.054;-0.015;-0.251
-0.173;-0.034;-0.061;-0.051
-0.063;-0.164;-0.205;0.049
-0.061;-0.054;-0.132;-0.088
-0.247;-0.105;-0.085;-0.21
-0.166;-0.129;-0.034;-0.212
-0.112;-0.256;-0.068;-0.017
-0.134;-0.22;-0.159;0.002
-0.217;-0.156;-0.19;-0.105
-0.352;-0.1;-0.122;-0.149
-0.188;-0.188;-0.063;-0.142
-0.083;-0.232;-0.039;-0.027
-0.093;-0.112;-0.19;0.015
-0.078;-0.22;-0.222;-0.059
-0.237;-0.134;-0.1;-0.146
-0.198;-0.278;0.039;-0.083
-0.166;-0.117;-0.056;-0.063
-0.068;-0.127;-0.208;0.034
-0.137;-0.107;-0.31;-0.032
-0.247;-0.015;-0.12;-0.107
-0.139;-0.098;-0.103;-0.181
-0.085;-0.217;-0.056;-0.078
-0.259;-0.034;-0.217;-0.107
-0.234;0.068;-0.22;-0.015
-0.164;-0.042;-0.144;-0.134
-0.063;-0.293;-0.012;-0.203
-0.178;-0.042;-0.056;-0.093
-0.288;-0.198;-0.146;-0.105
-0.168;-0.293;-0.137;-0.076
-0.183;-0.181;-0.039;-0.09
-0.159;-0.293;0.007;-0.039
-0.051;-0.222;-0.076;-0.088
0.046;-0.054;-0.125;-0.039
0.005;0.044;-0.151;-0.063
0.073;-0.193;-0.073;-0.149
0.037;-0.203;-0.002;-0.242
-0.22;-0.166;-0.105;-0.22
-0.247;-0.09;-0.195;-0.208
-0.261;-0.293;-0.212;-0.125
-0.217;-0.208;-0.132;-0.112
-0.151;-0.164;-0.056;-0.09
-0.093;-0.134;-0.061;-0.139
-0.229;-0.11;-0.093;-0.146
-0.332;-0.078;-0.134;-0.083
-0.244;-0.051;-0.154;-0.098
-0.015;-0.09;-0.117;-0.081
0.049;-0.002;-0.103;-0.12
-0.217;-0.029;-0.103;-0.161
-0.168;-0.073;-0.068;-0.222
-0.176;-0.076;-0.103;-0.181
-0.215;-0.271;-0.164;-0.122
-0.083;-0.146;-0.149;-0.034
-0.063;-0.142;-0.122;-0.107
0.02;-0.083;-0.117;-0.09
-0.056;-0.156;-0.203;0.015
-0.149;-0.073;-0.168;-0.076
-0.229;-0.129;-0.183;-0.186
-0.017;-0.1;-0.168;-0.054
0.034;-0.049;-0.159;-0.09
-0.105;-0.051;-0.103;-0.029
-0.217;-0.098;-0.151;-0.076
-0.261;-0.063;-0.093;-0.095
-0.098;-0.032;-0.056;-0.171
-0.017;-0.115;-0.078;-0.024
-0.024;-0.212;-0.137;-0.039
-0.176;-0.132;-0.095;-0.066
-0.251;-0.012;-0.09;-0.11
-0.156;-0.164;-0.093;-0.139
-0.012;-0.203;-0.071;-0.164
-0.088;0.012;-0.1;-0.186
-0.066;-0.015;-0.068;-0.146
-0.149;-0.105;-0.103;-0.154
-0.122;0.012;-0.107;-0.09
-0.007;-0.083;-0.173;-0.127
0.032;-0.312;-0.139;-0.12
0.037;-0.1;-0.061;-0.063
-0.063;-0.247;-0.076;-0.159
-0.156;-0.271;-0.081;-0.159
-0.19;-0.217;-0.159;-0.134
-0.098;-0.01;-0.122;-0.105
-0.022;-0.059;-0.134;-0.183
-0.137;-0.203;-0.063;-0.061
-0.081;-0.208;-0.076;-0.081
-0.2;-0.127;-0.059;-0.129
-0.254;-0.078;-0.115;-0.125
-0.066;-0.125;-0.149;0.002
-0.007;-0.117;-0.112;-0.115
-0.071;-0.012;-0.054;-0.212
-0.308;-0.139;-0.078;-0.164
-0.364;-0.149;-0.105;-0.015
-0.242;-0.166;-0.127;0.015
0.046;-0.063;-0.146;-0.137
-0.105;-0.129;-0.061;0.076
-0.149;-0.078;-0.156;-0.129
-0.039;-0.19;-0.283;0.012
0.02;-0.161;-0.254;-0.107
-0.027;-0.19;-0.051;-0.193
-0.093;-0.112;-0.056;-0.291
-0.188;-0.027;0.042;0.127
-0.161;-0.12;-0.325;0.02
-0.183;-0.2;-0.208;0.139
-0.127;-0.022;-0.21;-0.081
-0.188;-0.024;0.046;-0.376
-0.042;-0.139;0.049;0.029
-0.095;0.017;-0.286;-0.247
-0.183;-0.095;-0.039;-0.056
-0.144;0.029;-0.225;-0.154
-0.098;-0.066;-0.1;-0.149
-0.193;-0.159;-0.002;-0.41
-0.251;-0.205;0.129;-0.166
-0.129;-0.09;-0.261;-0.452
-0.034;-0.11;-0.178;0.046
-0.056;-0.161;-0.22;-0.225
-0.129;-0.261;-0.005;-0.356
0.029;-0.254;-0.032;-0.234
-0.02;-0.164;-0.054;0.266
0.017;-0.098;-0.178;-0.1
-0.054;-0.11;0.022;0.073
0.012;-0.002;-0.222;-0.144
-0.183;-0.073;-0.002;-0.183
-0.098;-0.081;-0.007;-0.181
-0.105;-0.112;-0.051;-0.122
-0.161;-0.034;-0.283;-0.261
-0.151;-0.085;-0.093;0.112
-0.115;0.0;-0.254;-0.317
-0.081;-0.098;0.112;0.261
-0.132;-0.183;-0.1;0.002
-0.129;-0.171;0.103;-0.217
-0.173;-0.232;-0.239;-0.154
-0.129;-0.125;-0.046;0.095
-0.037;-0.022;-0.154;-0.276
-0.122;-0.166;0.059;-0.11
-0.164;-0.117;-0.027;-0.227
-0.127;-0.049;-0.125;-0.215
-0.054;-0.139;-0.149;-0.073
0.11;-0.288;-0.251;-0.149
0.032;-0.132;-0.129;-0.051
-0.09;-0.02;-0.107;-0.027
-0.105;0.029;-0.139;-0.037
-0.046;-0.117;-0.039;0.144
-0.085;-0.159;-0.176;0.09
0.061;0.044;-0.115;0.066
-0.2;0.037;-0.11;-0.164
-0.095;0.056;-0.005;-0.21
-0.21;-0.103;-0.107;-0.398
-0.183;0.027;-0.098;-0.1
-0.251;-0.056;-0.007;-0.205
-0.183;-0.071;-0.007;-0.325
-0.042;-0.115;-0.098;-0.383
-0.12;0.01;0.022;-0.037
-0.215;-0.022;-0.11;-0.056
-0.168;-0.178;-0.039;0.085
0.107;-0.208;-0.1;-0.002
-0.002;-0.161;0.012;0.022
-0.146;-0.1;-0.142;0.015
-0.076;-0.178;-0.159;-0.068
0.02;-0.254;-0.115;-0.232
0.056;-0.322;-0.059;-0.247
-0.083;-0.244;-0.054;-0.193
-0.093;-0.151;-0.022;-0.115
-0.085;-0.159;-0.164;-0.088
-0.037;-0.029;-0.276;-0.146
-0.171;-0.081;-0.166;-0.164
-0.137;-0.068;0.005;-0.066
-0.134;-0.203;-0.117;-0.142
-0.251;-0.134;-0.21;-0.237
-0.186;-0.034;-0.049;-0.061
-0.203;-0.071;-0.237;-0.181
-0.164;-0.161;-0.203;-0.171
-0.156;-0.122;-0.188;-0.166
-0.063;-0.051;-0.039;-0.256
-0.146;0.024;0.088;-0.312
-0.217;0.027;-0.063;0.002
-0.127;-0.085;-0.293;-0.107
0.005;-0.129;-0.205;-0.024
0.037;-0.195;-0.149;-0.066
-0.015;-0.127;0.027;-0.134
-0.073;-0.303;-0.085;-0.168
-0.193;-0.178;-0.132;-0.078
-0.095;-0.21;-0.144;-0.107
-0.166;-0.137;-0.093;-0.095
-0.137;-0.166;-0.059;-0.1
-0.154;-0.132;0.042;-0.142
-0.134;-0.137;-0.085;-0.146
-0.039;-0.063;-0.12;-0.208
-0.156;-0.132;-0.12;-0.159
-0.239;0.042;-0.125;-0.146
-0.256;-0.078;-0.132;-0.112
-0.076;-0.291;-0.061;-0.181
-0.139;-0.178;-0.117;-0.083
-0.156;-0.093;-0.225;-0.107
-0.12;-0.044;-0.166;-0.061
-0.11;-0.183;-0.122;-0.081
-0.137;0.01;-0.01;-0.107
-0.1;0.034;-0.012;-0.171
0.129;-0.181;-0.002;-0.146
0.151;-0.164;-0.12;-0.203
0.032;-0.11;-0.034;-0.103
-0.098;-0.024;-0.034;-0.247
-0.117;-0.22;-0.11;-0.229
-0.168;-0.242;-0.195;-0.068
-0.264;-0.154;-0.293;-0.007
-0.127;-0.078;-0.159;-0.083
-0.098;-0.066;-0.073;0.0
-0.012;-0.007;-0.142;-0.107
-0.146;-0.076;-0.063;-0.19
-0.151;-0.022;-0.098;-0.164
-0.229;0.117;-0.068;-0.249
-0.244;-0.032;-0.066;-0.083
-0.159;-0.034;-0.095;-0.068
-0.115;-0.1;-0.073;-0.156
-0.247;-0.144;-0.103;-0.125
-0.276;-0.068;-0.151;-0.088
-0.078;-0.193;-0.095;-0.046
-0.042;-0.183;-0.117;-0.01
-0.046;-0.12;-0.02;0.022
0.002;-0.081;-0.127;0.1
-0.005;-0.156;-0.122;-0.017
-0.005;-0.2;-0.137;0.012
-0.178;-0.125;-0.205;-0.127
-0.063;-0.098;-0.081;-0.122
-0.105;-0.063;-0.103;-0.271
-0.146;-0.112;-0.046;-0.159
-0.095;-0.029;-0.166;-0.234
-0.093;-0.081;-0.129;-0.034
-0.193;-0.164;-0.205;-0.015
-0.139;-0.022;-0.107;-0.061
-0.127;-0.01;-0.178;-0.173
-0.181;-0.173;-0.127;-0.107
-0.156;-0.073;-0.037;-0.081
-0.125;-0.159;-0.046;-0.088
-0.134;-0.195;-0.081;-0.173
-0.098;-0.142;-0.095;-0.227
-0.117;-0.083;-0.056;-0.298
-0.159;-0.159;-0.071;-0.198
-0.054;-0.149;-0.22;-0.146
0.037;-0.195;-0.139;-0.19
0.146;-0.225;-0.081;-0.095
0.139;-0.3;-0.049;-0.115
-0.098;-0.227;-0.117;-0.081
-0.088;-0.044;-0.159;-0.166
-0.112;-0.112;-0.09;-0.146
-0.022;-0.122;-0.144;-0.134
-0.188;-0.09;-0.215;-0.132
-0.122;-0.034;-0.234;-0.149
-0.098;-0.186;-0.208;-0.156
-0.151;-0.2;-0.137;-0.205
-0.278;-0.093;-0.054;-0.11
-0.32;-0.039;-0.117;-0.073
-0.2;-0.085;-0.117;-0.09
-0.061;-0.144;-0.122;-0.127
-0.176;-0.103;-0.029;-0.205
-0.334;-0.066;-0.068;-0.09
-0.247;-0.237;-0.142;-0.098
-0.051;-0.081;-0.146;-0.085
-0.027;-0.159;-0.068;-0.161
-0.081;-0.19;-0.022;-0.254
-0.132;-0.068;0.007;-0.171
-0.151;-0.105;-0.078;-0.044
-0.078;-0.176;-0.151;-0.012
0.02;-0.188;-0.1;-0.063
-0.103;-0.156;-0.085;-0.117
-0.244;-0.078;-0.11;-0.098
-0.164;-0.178;-0.156;-0.02
-0.039;-0.151;-0.208;0.039
0.046;0.139;-0.193;-0.042
-0.244;0.215;-0.144;-0.09
-0.161;0.095;-0.054;-0.12
-0.203;-0.171;-0.081;-0.085
-0.146;-0.134;-0.112;-0.105
-0.088;-0.085;-0.112;-0.144
-0.068;0.029;-0.098;-0.186
-0.09;-0.071;-0.005;-0.044
-0.059;-0.103;-0.076;-0.112
-0.002;-0.098;-0.142;-0.134
-0.215;-0.093;-0.195;-0.232
-0.205;-0.139;-0.117;-0.205
0.029;-0.283;-0.049;-0.205
0.09;-0.166;-0.078;-0.095
-0.015;0.051;-0.203;-0.117
-0.051;0.076;-0.171;-0.061
0.007;-0.151;-0.103;-0.159
0.076;-0.103;-0.073;-0.178
0.037;-0.022;-0.11;-0.186
-0.061;-0.044;-0.229;-0.088
-0.11;-0.149;-0.291;-0.186
-0.181;-0.125;-0.188;-0.032
-0.115;-0.154;-0.112;-0.107
-0.159;-0.059;-0.024;-0.105
-0.227;-0.044;-0.142;-0.059
-0.205;-0.222;-0.112;-0.059
-0.215;-0.239;-0.076;-0.032
-0.205;-0.164;-0.042;-0.151
-0.181;0.02;0.0;-0.159
-0.122;-0.073;-0.088;-0.095
0.024;-0.205;-0.122;-0.1
0.027;-0.146;-0.19;-0.146
-0.146;-0.066;-0.071;-0.159
-0.168;-0.176;-0.037;-0.215
-0.095;-0.244;-0.161;-0.01
-0.098;-0.059;-0.186;0.122
-0.103;-0.015;-0.122;-0.027
-0.098;-0.037;-0.059;-0.044
-0.044;0.02;-0.12;-0.088
-0.212;0.024;-0.173;-0.042
-0.181;-0.103;-0.2;-0.127
-0.205;-0.088;-0.142;-0.146
-0.071;-0.105;-0.042;-0.193
-0.095;-0.159;0.01;-0.222
-0.144;-0.112;-0.01;-0.269
-0.171;-0.034;0.024;-0.076
-0.264;-0.107;-0.061;-0.083
-0.098;-0.156;-0.164;-0.029
-0.142;-0.137;-0.125;-0.107
-0.156;-0.186;-0.022;-0.098
-0.127;-0.137;-0.1;-0.107
-0.146;-0.139;-0.09;-0.088
-0.09;-0.151;-0.073;-0.173
-0.029;-0.217;-0.002;-0.281
0.063;-0.115;-0.088;-0.132
-0.076;-0.183;-0.247;-0.081
-0.093;-0.103;-0.166;-0.098
-0.112;-0.032;-0.139;-0.107
-0.134;-0.173;-0.132;-0.046
-0.007;-0.222;-0.176;-0.103
-0.017;-0.161;-0.198;-0.154
-0.056;-0.081;-0.151;-0.125
-0.164;-0.093;-0.039;-0.105
-0.034;-0.183;-0.054;-0.188
-0.024;-0.01;-0.132;-0.154
-0.095;0.066;-0.186;-0.146
-0.127;-0.015;-0.168;-0.183
-0.051;-0.239;-0.071;-0.115
-0.054;-0.251;-0.017;-0.149
-0.2;-0.044;-0.049;-0.081
-0.251;-0.037;-0.176;-0.034
-0.21;0.015;-0.173;-0.151
-0.071;-0.286;-0.054;-0.156
-0.059;-0.168;-0.037;-0.125
-0.046;0.012;-0.127;-0.122
-0.029;-0.061;-0.286;-0.134
0.044;-0.088;-0.217;-0.081
-0.005;-0.149;-0.073;-0.1
0.022;0.056;-0.078;-0.1
0.115;-0.156;-0.127;-0.078
0.098;-0.247;-0.22;-0.107
0.02;-0.151;-0.159;-0.127
-0.295;-0.034;-0.093;-0.12
-0.356;0.117;-0.088;-0.083
-0.195;-0.1;-0.146;-0.127
-0.154;-0.239;-0.164;-0.12
-0.002;-0.176;-0.161;-0.09
-0.076;-0.076;-0.1;-0.144
-0.232;-0.012;-0.066;-0.093
-0.173;-0.093;-0.098;-0.176
-0.093;-0.061;-0.01;-0.11
-0.154;-0.137;-0.032;-0.137
-0.117;-0.105;-0.02;-0.237
-0.205;-0.156;-0.059;-0.183
-0.129;-0.271;-0.164;-0.173
0.051;-0.281;-0.156;-0.249
-0.117;-0.273;-0.132;-0.115
-0.215;-0.112;-0.103;-0.066
-0.1;-0.129;-0.059;-0.046
0.085;-0.198;-0.188;-0.068
0.022;-0.103;-0.149;-0.095
-0.115;-0.193;-0.059;-0.205
-0.061;-0.095;-0.059;-0.132
-0.276;-0.056;-0.083;-0.083
-0.305;0.027;-0.181;-0.178
-0.171;0.134;-0.168;-0.1
-0.081;-0.081;-0.181;-0.149
-0.127;-0.132;-0.022;-0.073
-0.107;-0.105;-0.112;-0.085
-0.256;-0.039;-0.144;-0.107
-0.193;-0.017;-0.19;-0.024
-0.066;0.085;-0.088;-0.071
0.149;-0.195;-0.066;-0.054
0.161;-0.034;-0.125;-0.125
-0.076;-0.078;-0.168;-0.046
-0.115;-0.078;-0.232;-0.125
-0.059;-0.386;-0.117;-0.066
-0.059;-0.088;-0.156;-0.107
-0.234;-0.142;-0.073;-0.071
0.005;-0.061;-0.115;-0.09
0.11;-0.005;-0.054;-0.095
-0.015;0.11;-0.137;-0.076
-0.122;0.049;-0.229;-0.161
-0.11;-0.061;-0.2;-0.107
-0.059;-0.034;-0.176;-0.073
-0.037;0.12;-0.139;-0.063
-0.063;-0.139;-0.105;-0.095
-0.066;-0.156;-0.056;-0.164
-0.232;-0.002;-0.049;-0.137
-0.244;-0.115;-0.083;-0.078
-0.129;-0.286;-0.127;-0.161
-0.103;-0.254;-0.024;-0.093
-0.027;-0.188;-0.02;-0.112
0.203;-0.12;-0.049;-0.01
0.051;-0.164;-0.107;-0.059
-0.156;-0.166;-0.085;-0.149
-0.239;-0.222;-0.054;-0.159
-0.173;-0.103;-0.066;-0.129
-0.061;-0.032;-0.142;-0.151
0.017;-0.078;-0.149;-0.1
0.002;-0.203;-0.183;-0.093
-0.178;-0.039;-0.154;-0.002
-0.264;-0.054;-0.078;-0.051
-0.117;-0.078;-0.032;-0.183
-0.144;-0.105;-0.081;-0.232
-0.205;-0.09;-0.166;-0.073
-0.115;-0.164;-0.093;0.027
-0.156;-0.132;-0.088;-0.107
-0.408;-0.088;-0.129;-0.161
-0.381;-0.134;-0.107;-0.171
-0.051;-0.339;-0.129;-0.125
0.017;-0.266;-0.093;-0.095
-0.237;-0.044;-0.139;-0.095
-0.286;-0.159;-0.198;-0.076
-0.198;-0.232;-0.176;-0.076
-0.037;-0.278;-0.098;-0.005
0.11;-0.166;-0.088;-0.061
0.0;-0.122;-0.295;-0.215
-0.164;-0.122;-0.234;-0.183
-0.181;-0.117;-0.229;-0.156
-0.186;0.085;-0.227;-0.068
-0.015;0.12;-0.2;0.024
-0.083;-0.195;-0.146;-0.056
-0.11;-0.056;-0.144;-0.059
-0.22;-0.093;-0.132;-0.125
-0.286;-0.208;0.054;-0.125
-0.249;-0.269;-0.088;-0.051
-0.188;-0.151;-0.117;-0.193
-0.142;-0.266;-0.122;-0.208
-0.166;-0.1;-0.129;-0.137
-0.127;-0.002;-0.093;-0.142
-0.146;-0.132;-0.149;-0.066
-0.168;-0.222;-0.168;-0.122
-0.103;-0.164;-0.044;-0.186
-0.027;-0.151;0.029;-0.134
0.039;-0.015;0.002;-0.137
0.012;-0.217;-0.122;-0.107
0.176;-0.188;-0.2;-0.129
-0.051;-0.093;-0.173;-0.129
-0.288;0.01;-0.12;-0.171
-0.203;-0.125;-0.066;-0.161
-0.139;-0.032;-0.115;-0.117
-0.103;0.042;-0.144;-0.054
-0.1;-0.024;-0.205;-0.022
-0.251;-0.129;-0.061;0.005
-0.215;-0.125;-0.054;-0.059
-0.154;-0.051;-0.076;-0.112
-0.132;-0.073;-0.129;-0.088
-0.12;0.002;-0.156;-0.132
-0.103;-0.002;-0.098;-0.11
-0.195;-0.183;-0.032;-0.129
-0.237;-0.21;-0.027;-0.12
-0.076;-0.049;-0.046;-0.078
-0.039;-0.193;-0.056;-0.151
0.078;-0.11;-0.039;-0.042
-0.105;0.02;-0.112;-0.12
-0.183;0.005;-0.144;-0.251
-0.127;-0.068;-0.122;-0.217
-0.09;-0.215;-0.151;-0.076
-0.254;-0.068;-0.2;-0.02
-0.151;-0.171;-0.229;-0.049
0.09;-0.061;-0.203;-0.117
-0.042;-0.105;-0.132;-0.063
-0.344;-0.073;-0.156;-0.02
-0.264;-0.103;-0.276;-0.039
-0.09;-0.076;-0.293;-0.215
-0.166;-0.012;-0.1;-0.276
-0.105;-0.117;-0.059;-0.254
-0.173;-0.161;-0.103;-0.107
-0.208;-0.222;-0.164;-0.039
-0.276;-0.176;-0.168;-0.059
-0.161;-0.237;-0.095;-0.232
-0.134;-0.193;-0.063;-0.168
-0.125;-0.085;-0.078;-0.098
0.068;-0.129;-0.156;0.012
0.085;-0.142;-0.178;0.027
0.044;-0.151;-0.107;-0.151
-0.083;-0.046;0.042;-0.115
-0.032;-0.181;0.022;-0.095
-0.081;-0.11;-0.166;-0.156
0.0;-0.203;-0.198;-0.122
-0.068;-0.168;-0.137;-0.073
-0.034;-0.183;-0.081;-0.088
-0.078;-0.164;-0.112;-0.054
-0.12;-0.117;-0.222;-0.027
-0.127;0.044;-0.193;-0.063
-0.139;-0.046;-0.142;-0.088
-0.232;-0.037;-0.046;-0.076
-0.269;0.046;-0.042;-0.083
-0.176;-0.01;-0.073;-0.083
-0.081;-0.088;-0.115;-0.159
-0.02;-0.107;-0.027;-0.159
-0.144;0.0;-0.01;-0.178
-0.215;-0.144;-0.042;-0.222
-0.081;-0.095;-0.093;-0.203
-0.078;-0.317;-0.151;-0.2
-0.078;-0.305;-0.017;-0.11
-0.027;-0.261;-0.063;-0.085
-0.078;-0.308;-0.161;-0.142
-0.073;-0.308;-0.227;-0.056
-0.125;-0.322;-0.203;-0.024
-0.085;-0.171;-0.142;-0.051
-0.02;-0.178;-0.12;-0.051
-0.105;-0.076;-0.161;-0.195
-0.198;-0.034;-0.19;-0.078
-0.137;-0.042;-0.151;-0.127
-0.156;-0.061;-0.156;-0.078
-0.11;-0.093;-0.188;-0.071
-0.21;-0.059;-0.181;-0.081
-0.183;-0.156;-0.071;-0.149
0.012;-0.105;-0.09;-0.188
-0.1;-0.134;-0.107;-0.149
-0.227;-0.02;-0.107;-0.151
-0.288;-0.078;-0.12;-0.171
-0.059;-0.095;-0.125;-0.354
0.01;-0.149;-0.085;-0.239
-0.078;-0.139;-0.02;-0.215
-0.193;-0.117;-0.132;-0.093
-0.188;-0.198;-0.217;-0.2
-0.212;-0.22;-0.225;-0.066
-0.227;-0.193;-0.254;-0.11
0.039;-0.12;-0.151;-0.066
0.01;-0.212;-0.081;-0.142
-0.149;-0.288;-0.117;-0.154
-0.149;0.034;-0.139;-0.037
-0.212;0.022;-0.095;-0.054
-0.205;-0.181;-0.1;-0.234
-0.149;-0.068;-0.044;-0.156
-0.273;-0.146;-0.049;-0.127
-0.303;-0.237;-0.051;-0.078
-0.188;-0.249;-0.061;-0.051
-0.098;-0.186;-0.076;-0.142
-0.305;-0.039;-0.103;-0.149
-0.256;-0.195;-0.059;0.007
-0.078;-0.171;-0.127;0.017
0.005;-0.129;-0.159;-0.173
-0.11;-0.122;0.037;-0.229
-0.083;-0.198;-0.032;-0.063
-0.186;-0.269;-0.117;-0.122
-0.098;-0.271;-0.198;0.061
-0.137;-0.273;-0.227;-0.005
-0.176;-0.127;-0.066;-0.103
-0.286;-0.059;-0.112;-0.112
-0.222;-0.037;-0.127;0.049
-0.156;-0.127;-0.276;-0.015
-0.151;-0.11;-0.193;0.027
-0.229;-0.149;-0.171;-0.139
-0.222;-0.125;-0.024;-0.19
-0.154;-0.037;-0.105;-0.178
-0.166;-0.168;-0.164;-0.105
-0.095;-0.01;-0.178;-0.115
-0.063;-0.039;-0.02;-0.2
-0.081;-0.093;0.056;-0.222
-0.09;-0.205;-0.046;-0.183
-0.173;-0.085;-0.181;-0.09
-0.137;-0.098;-0.205;-0.105
-0.042;-0.195;-0.073;-0.193
0.068;-0.251;-0.059;-0.144
0.015;-0.168;-0.129;-0.107
-0.09;-0.132;-0.107;-0.11
-0.088;-0.237;-0.122;-0.146
-0.049;-0.264;-0.095;-0.127
-0.198;-0.083;-0.085;-0.127
-0.105;0.129;-0.085;-0.105
-0.027;-0.054;-0.173;-0.051
-0.024;-0.212;-0.154;-0.024
-0.095;-0.1;-0.156;-0.117
-0.249;-0.044;-0.129;-0.188
-0.093;0.061;-0.095;-0.173
-0.105;-0.115;-0.181;-0.134
-0.134;-0.105;-0.203;-0.222
-0.198;-0.022;-0.078;-0.171
-0.215;-0.166;-0.1;-0.059
-0.085;-0.068;-0.068;-0.093
-0.085;-0.239;-0.029;-0.142
-0.085;-0.168;-0.107;-0.139
-0.188;0.049;-0.095;-0.139
-0.215;0.0;-0.164;-0.115
-0.164;-0.259;-0.261;-0.088
-0.012;-0.122;-0.208;-0.073
-0.117;-0.129;-0.105;-0.1
-0.181;-0.09;-0.117;-0.01
-0.237;-0.176;-0.205;-0.105
-0.325;-0.149;-0.076;-0.11
-0.237;-0.161;-0.161;-0.059
-0.288;-0.078;-0.081;-0.059
-0.149;0.024;-0.085;-0.093
-0.183;-0.161;-0.066;-0.098
-0.173;-0.078;-0.11;-0.085
-0.071;-0.112;-0.154;-0.122
-0.288;-0.107;-0.061;-0.212
-0.283;-0.12;0.046;-0.083
-0.105;-0.149;-0.015;-0.154
-0.061;-0.239;-0.09;-0.137
0.032;-0.178;-0.103;-0.129
-0.083;-0.151;-0.005;-0.088
0.01;-0.076;-0.142;-0.164
-0.042;-0.2;-0.112;-0.164
-0.117;-0.205;-0.195;-0.222
-0.139;-0.09;-0.176;-0.181
-0.042;-0.029;-0.227;-0.12
0.039;0.0;-0.083;-0.103
0.078;-0.056;-0.073;-0.242
-0.127;-0.11;-0.017;-0.164
-0.242;-0.178;-0.181;-0.112
-0.239;-0.09;-0.142;0.024
-0.22;-0.015;-0.212;0.007
-0.161;-0.012;-0.105;-0.115
-0.081;0.029;-0.085;-0.078
-0.198;-0.078;-0.156;-0.088
-0.237;-0.112;-0.259;-0.049
-0.142;-0.293;-0.215;-0.117
-0.146;-0.112;-0.115;-0.115
-0.029;-0.117;-0.186;-0.159
-0.261;-0.059;-0.032;-0.007
-0.247;-0.178;-0.142;-0.251
-0.166;-0.105;-0.19;-0.21
0.093;-0.205;-0.232;-0.027
0.151;0.007;-0.11;-0.059
-0.1;-0.002;-0.054;-0.173
-0.022;-0.103;-0.063;-0.112
0.059;-0.227;-0.139;-0.103
-0.151;-0.093;-0.081;-0.056
-0.325;-0.134;-0.193;-0.12
-0.151;-0.125;-0.12;-0.203
0.088;-0.073;-0.046;-0.2
-0.122;-0.073;-0.029;-0.137
-0.254;-0.166;-0.059;-0.144
-0.237;-0.076;-0.227;-0.139
-0.139;-0.073;-0.181;-0.078
-0.22;-0.115;-0.103;-0.02
-0.112;-0.112;-0.01;-0.151
-0.071;-0.112;-0.112;-0.127
-0.281;-0.049;-0.254;-0.076
-0.21;-0.149;-0.103;-0.149
0.034;-0.195;0.022;-0.173
0.117;-0.164;0.032;-0.227
-0.149;-0.198;-0.024;-0.129
-0.085;-0.117;-0.042;-0.015
0.015;-0.181;-0.112;-0.056
-0.081;-0.049;-0.139;0.0
-0.127;-0.193;-0.085;0.012
-0.098;-0.12;-0.156;-0.125
-0.156;-0.198;-0.205;-0.071
-0.181;-0.029;-0.256;-0.037
-0.098;0.01;-0.09;-0.129
-0.137;-0.122;-0.012;-0.239
0.066;-0.088;-0.168;-0.176
-0.022;-0.149;-0.156;0.002
-0.171;0.049;-0.024;-0.144
-0.205;-0.015;-0.078;-0.173
-0.098;0.066;-0.112;-0.242
-0.127;-0.127;-0.029;-0.176
-0.112;-0.098;-0.146;-0.198
-0.193;-0.056;-0.066;-0.076
-0.154;-0.071;-0.146;-0.105
0.015;-0.222;0.01;-0.134
-0.056;0.01;-0.059;-0.242
-0.044;-0.027;-0.081;-0.027
0.034;-0.249;-0.146;-0.081
0.002;-0.269;0.015;0.103
-0.107;-0.146;-0.093;-0.039
-0.061;-0.066;-0.103;-0.063
0.09;-0.029;-0.027;0.037
0.037;-0.195;-0.132;-0.088
-0.193;-0.029;-0.156;-0.02
-0.173;-0.066;-0.171;-0.095
0.056;-0.22;-0.193;-0.168
0.073;-0.088;-0.166;-0.015
-0.222;0.056;-0.247;-0.051
-0.239;-0.046;-0.127;-0.186
-0.095;-0.085;-0.139;-0.208
-0.173;-0.093;-0.142;-0.127
-0.195;-0.127;-0.173;-0.11
-0.039;-0.183;-0.042;-0.166
-0.054;-0.237;0.042;-0.098
-0.156;-0.015;-0.005;-0.183
-0.217;-0.146;-0.098;-0.132
-0.073;-0.276;-0.203;-0.005
0.103;-0.195;-0.295;-0.093
-0.198;-0.071;-0.142;-0.176
-0.083;0.022;-0.044;-0.249
0.142;-0.11;-0.056;-0.144
-0.056;-0.22;0.005;-0.215
-0.164;-0.198;-0.015;-0.193
-0.012;-0.215;-0.154;-0.178
-0.122;-0.215;-0.159;-0.066
-0.19;-0.198;-0.19;-0.161
-0.181;0.022;-0.01;-0.093
-0.315;-0.066;-0.032;-0.288
-0.193;-0.071;-0.134;-0.142
-0.11;-0.134;-0.159;-0.066
-0.061;-0.156;-0.068;0.015
-0.054;-0.01;-0.142;-0.107
-0.11;-0.103;-0.093;-0.173
0.088;-0.398;-0.046;-0.21
0.095;-0.337;-0.159;-0.073
-0.195;-0.098;-0.166;0.044
-0.322;-0.032;-0.288;-0.271
-0.059;-0.076;0.051;-0.09
0.098;-0.264;-0.044;-0.457
-0.078;0.056;-0.098;0.044
-0.132;0.005;-0.334;0.051
-0.105;-0.024;-0.073;-0.063
-0.078;-0.305;-0.173;-0.178
0.015;-0.093;-0.002;0.12
-0.176;0.093;0.061;-0.044
-0.195;-0.061;-0.095;-0.076
-0.168;0.02;-0.264;-0.066
-0.142;-0.044;-0.105;-0.076
-0.042;-0.015;-0.042;-0.12
-0.176;0.0;-0.042;-0.061
-0.129;-0.137;-0.139;-0.171
-0.149;-0.186;-0.122;-0.032
-0.073;-0.22;-0.066;-0.171
-0.061;-0.159;-0.11;-0.117
-0.071;0.046;-0.176;0.034
0.017;-0.193;-0.068;-0.164
0.112;-0.269;-0.327;-0.225
-0.085;-0.393;-0.227;-0.237
-0.334;-0.027;0.11;-0.225
-0.127;-0.144;-0.061;-0.281
0.176;-0.129;-0.242;-0.051
0.093;-0.029;-0.156;-0.171
-0.154;-0.037;-0.063;-0.071
-0.11;-0.034;-0.283;-0.144
-0.127;0.022;-0.176;0.034
-0.298;-0.098;-0.146;-0.173
-0.117;-0.244;-0.056;-0.1
-0.276;-0.212;-0.034;-0.107
-0.286;-0.012;-0.049;-0.117
-0.217;-0.017;-0.125;-0.193
0.081;0.032;-0.161;-0.024
0.156;-0.208;-0.01;-0.095
-0.034;-0.012;0.0;-0.237
-0.105;-0.11;-0.01;-0.134
-0.198;-0.19;-0.398;-0.217
-0.156;-0.193;-0.029;-0.095
-0.007;-0.029;-0.186;-0.396
0.122;-0.078;0.005;-0.063
-0.071;-0.239;-0.046;-0.127
-0.212;-0.227;-0.195;-0.293
-0.039;-0.225;-0.225;0.076
-0.056;-0.002;-0.098;0.061
-0.029;-0.183;-0.051;-0.142
-0.154;0.049;-0.237;-0.024
-0.188;-0.09;-0.264;0.063
-0.195;-0.059;-0.129;-0.042
-0.066;-0.212;-0.029;-0.127
0.005;-0.005;-0.154;-0.32
-0.149;-0.144;0.081;-0.161
-0.073;-0.056;-0.063;-0.186
-0.088;-0.178;-0.02;-0.059
-0.103;-0.132;-0.083;-0.151
-0.02;-0.308;0.022;-0.19
-0.178;-0.161;-0.139;-0.09
-0.134;-0.156;0.005;-0.056
-0.066;-0.215;-0.02;-0.181
-0.02;-0.278;-0.137;-0.078
-0.159;-0.068;-0.188;0.095
-0.129;0.0;-0.166;-0.034
-0.076;-0.129;-0.125;-0.007
0.195;-0.215;-0.21;-0.134
0.046;-0.195;-0.21;-0.154
0.034;-0.2;-0.027;-0.044
-0.151;-0.254;-0.007;-0.105
-0.205;-0.032;-0.173;-0.085
-0.188;-0.081;-0.095;-0.034
-0.217;-0.247;0.029;-0.125
-0.208;-0.081;0.0;-0.237
-0.276;-0.125;-0.032;-0.061
-0.173;-0.098;-0.083;-0.244
-0.012;-0.173;0.007;-0.176
-0.129;-0.054;-0.061;-0.173
-0.234;-0.149;-0.022;-0.117
-0.024;-0.049;-0.164;-0.015
0.061;-0.237;-0.171;-0.027
-0.076;-0.078;-0.105;-0.154
-0.188;-0.049;-0.122;-0.195
-0.286;-0.015;-0.166;-0.19
-0.112;-0.276;-0.171;-0.188
0.107;-0.186;-0.168;-0.117
0.09;-0.095;-0.127;-0.146
0.042;-0.054;-0.142;-0.134
-0.059;0.056;-0.093;-0.044
-0.085;-0.081;-0.139;-0.076
-0.107;-0.103;-0.171;-0.122
-0.171;-0.125;-0.19;-0.056
-0.254;-0.132;-0.183;0.029
-0.168;-0.173;-0.12;-0.12
-0.061;-0.068;-0.078;-0.129
-0.146;-0.093;-0.188;-0.139
-0.186;0.154;-0.107;-0.105
-0.166;0.054;-0.144;-0.183
-0.125;-0.02;-0.071;-0.173
-0.125;0.044;-0.049;-0.146
-0.225;0.037;-0.083;-0.081
-0.149;-0.125;-0.159;-0.063
-0.105;-0.166;-0.12;-0.073
-0.198;-0.183;-0.076;-0.095
-0.2;-0.137;-0.059;-0.112
-0.034;-0.195;-0.1;-0.005
0.105;-0.188;-0.142;0.017
-0.056;-0.151;-0.159;-0.017
-0.122;-0.061;-0.173;-0.032
-0.105;-0.032;-0.215;-0.098
-0.205;-0.12;-0.117;-0.115
-0.095;0.024;-0.134;-0.12
-0.059;-0.103;-0.105;-0.066
-0.095;-0.088;-0.054;-0.132
-0.222;-0.042;-0.093;-0.054
-0.229;-0.176;-0.156;-0.132
-0.22;-0.176;-0.161;-0.085
-0.312;-0.12;-0.129;-0.171
-0.09;0.049;-0.046;-0.122
-0.049;-0.027;-0.09;-0.078
-0.093;-0.168;-0.122;-0.103
-0.22;-0.117;-0.186;-0.186
-0.142;-0.029;-0.083;-0.095
0.007;-0.139;-0.002;-0.173
0.01;-0.154;-0.059;-0.222
-0.056;-0.017;-0.132;-0.159
-0.144;-0.083;-0.203;-0.103
-0.098;-0.149;-0.122;-0.098
-0.012;-0.181;-0.051;-0.042
-0.137;-0.19;-0.093;-0.078
-0.21;-0.098;-0.122;0.002
-0.129;-0.083;-0.195;-0.022
-0.19;-0.227;-0.19;-0.032
-0.198;-0.164;-0.203;-0.017
-0.195;-0.054;-0.137;-0.027
-0.234;0.076;-0.171;-0.142
-0.215;0.015;-0.149;-0.073
-0.151;-0.134;-0.193;-0.12
-0.129;-0.291;-0.117;-0.049
-0.137;-0.059;-0.149;-0.12
-0.317;-0.107;-0.059;-0.051
-0.176;-0.281;-0.098;-0.127
-0.049;-0.107;-0.056;-0.159
-0.059;-0.156;-0.112;-0.195
-0.139;-0.012;-0.139;-0.112
-0.012;-0.195;-0.188;-0.129
0.039;-0.247;-0.166;-0.103
-0.034;-0.261;-0.134;-0.217
-0.073;-0.186;-0.103;-0.159
-0.2;-0.081;-0.159;-0.098
-0.156;-0.186;-0.203;-0.151
-0.149;-0.107;-0.229;-0.071
-0.059;-0.208;-0.178;-0.144
-0.046;-0.042;-0.076;-0.117
-0.244;0.015;-0.042;-0.056
-0.359;0.063;-0.134;-0.127
-0.022;-0.061;-0.181;-0.156
0.059;-0.261;-0.2;-0.081
-0.071;-0.144;-0.161;-0.078
-0.393;-0.12;-0.115;-0.161
-0.312;-0.049;-0.046;-0.186
-0.146;-0.19;-0.042;-0.159
-0.1;0.017;-0.061;-0.054
-0.149;-0.032;-0.127;-0.029
-0.129;0.005;-0.2;-0.066
-0.203;-0.344;-0.081;-0.137
-0.176;-0.261;-0.056;-0.193
-0.122;-0.222;-0.137;-0.129
-0.068;-0.146;-0.139;-0.161
-0.173;-0.149;-0.156;-0.193
-0.21;-0.146;-0.1;-0.161
-0.122;-0.083;-0.044;-0.129
-0.083;0.017;-0.105;-0.095
-0.088;0.068;-0.22;-0.044
-0.129;0.078;-0.232;-0.11
-0.186;-0.007;-0.107;-0.146
-0.198;0.012;-0.107;-0.125
-0.164;0.134;-0.112;-0.154
-0.132;-0.073;-0.083;-0.095
0.032;-0.071;-0.063;-0.168
-0.127;-0.359;-0.049;-0.176
-0.088;-0.225;0.0;-0.088
-0.112;0.012;-0.115;-0.027
-0.081;-0.051;-0.173;-0.078
-0.02;-0.093;-0.144;-0.151
0.171;-0.173;-0.051;-0.103
0.085;-0.371;-0.098;-0.122
0.066;-0.193;-0.149;-0.227
-0.193;-0.142;-0.139;-0.127
-0.249;-0.042;-0.181;-0.115
-0.049;-0.093;-0.068;-0.088
-0.017;-0.159;-0.056;-0.098
-0.093;-0.239;-0.02;-0.107
-0.081;-0.291;-0.142;-0.088
-0.144;-0.007;-0.078;-0.09
-0.242;-0.027;-0.083;-0.044
-0.315;-0.024;-0.095;-0.066
-0.156;-0.068;-0.01;-0.078
0.063;-0.051;-0.044;-0.093
-0.02;0.081;-0.083;-0.107
-0.159;-0.146;-0.181;-0.146
-0.19;-0.2;-0.122;-0.022
-0.2;-0.22;-0.071;-0.11
-0.144;-0.159;-0.063;-0.159
-0.195;-0.09;-0.098;-0.083
-0.186;-0.127;-0.181;0.029
-0.12;-0.259;-0.237;-0.022
0.042;-0.244;-0.044;0.037
-0.007;-0.125;-0.046;-0.046
-0.244;-0.149;-0.042;-0.081
-0.134;-0.051;-0.115;-0.093
-0.081;-0.042;-0.166;-0.144
-0.151;-0.081;-0.132;-0.083
-0.21;-0.112;-0.085;-0.02
-0.286;-0.024;-0.044;-0.161
-0.173;-0.247;-0.029;-0.088
-0.173;-0.095;-0.01;-0.044
-0.215;-0.049;-0.066;-0.19
-0.242;-0.125;-0.129;-0.127
-0.159;-0.071;-0.115;-0.066
-0.037;-0.007;-0.054;-0.225
-0.093;-0.244;-0.059;-0.222
-0.208;-0.164;-0.105;-0.12
-0.068;-0.063;-0.195;-0.032
-0.051;-0.168;-0.237;-0.139
-0.1;-0.217;-0.132;-0.134
-0.073;-0.132;-0.076;-0.227
-0.146;-0.044;-0.137;-0.139
-0.042;-0.061;-0.305;-0.078
0.054;-0.171;-0.227;-0.024
0.032;-0.107;-0.137;-0.12
-0.154;-0.027;-0.005;-0.137
-0.349;0.125;-0.134;-0.107
-0.251;-0.122;-0.139;-0.156
-0.144;-0.095;-0.129;-0.085
-0.144;-0.237;-0.09;0.012
-0.1;-0.098;-0.098;-0.01
-0.198;-0.19;-0.11;-0.112
-0.247;-0.037;-0.11;-0.088
-0.168;-0.059;-0.034;-0.193
-0.049;0.029;-0.005;-0.061
-0.037;-0.137;-0.002;-0.11
-0.078;-0.142;-0.076;-0.09
-0.027;-0.195;-0.054;-0.078
-0.098;-0.208;-0.11;-0.107
-0.015;-0.271;-0.107;-0.105
0.024;-0.095;-0.056;-0.017
-0.076;-0.029;-0.132;-0.056
-0.151;-0.039;-0.09;-0.115
-0.105;-0.066;-0.129;-0.132
-0.129;-0.132;-0.071;-0.076
-0.208;-0.076;-0.188;-0.144
-0.193;-0.203;-0.205;-0.222
-0.129;0.061;-0.112;-0.247
-0.254;-0.166;-0.046;-0.156
-0.315;-0.303;-0.054;-0.12
-0.205;-0.115;-0.049;-0.107
-0.09;-0.049;-0.1;-0.112
-0.129;-0.139;-0.103;-0.088
-0.093;-0.159;-0.056;-0.066
-0.183;-0.234;-0.042;-0.178
-0.225;-0.317;-0.073;-0.254
-0.032;-0.266;-0.156;-0.237
0.11;-0.347;-0.149;-0.278
0.076;-0.259;-0.129;-0.178
-0.176;-0.19;-0.103;-0.208
-0.176;-0.095;-0.049;-0.144
-0.12;-0.178;-0.19;-0.105
-0.061;-0.151;-0.195;-0.1
0.017;-0.22;-0.178;-0.085
-0.01;-0.059;-0.093;-0.159
-0.2;0.125;-0.11;-0.166
-0.315;0.066;-0.144;-0.073
-0.127;-0.1;-0.129;-0.09
-0.051;-0.037;-0.02;-0.088
-0.012;0.027;-0.073;-0.127
-0.098;0.007;-0.049;-0.037
-0.144;-0.027;-0.095;-0.071
-0.12;-0.103;-0.083;-0.149
-0.181;-0.032;-0.11;-0.095
-0.146;-0.122;-0.142;-0.032
-0.176;-0.156;-0.078;0.007
-0.303;-0.215;-0.137;-0.029
-0.183;-0.151;-0.117;-0.142
0.046;-0.234;-0.168;-0.054
-0.088;-0.21;-0.12;-0.01
-0.107;-0.149;-0.078;-0.078
0.061;-0.195;-0.049;-0.132
-0.022;-0.208;-0.093;-0.093
-0.078;-0.198;-0.156;0.0
-0.139;-0.144;-0.193;-0.066
-0.095;-0.1;-0.178;-0.105
-0.032;-0.051;-0.127;-0.166
-0.083;-0.007;-0.034;-0.103
-0.247;-0.034;-0.044;-0.188
-0.186;-0.037;-0.134;-0.093
-0.139;0.083;-0.161;-0.149
-0.188;0.017;-0.063;-0.198
-0.149;-0.081;0.012;-0.217
-0.034;-0.088;-0.024;-0.129
-0.022;-0.261;-0.083;-0.081
-0.051;-0.085;-0.076;-0.146
-0.005;-0.032;-0.1;-0.09
-0.005;-0.171;-0.09;-0.059
-0.034;-0.149;-0.083;0.015
-0.173;-0.325;-0.105;-0.112
-0.002;-0.208;-0.098;-0.181
0.105;-0.142;-0.078;-0.12
-0.066;-0.159;-0.093;-0.085
-0.007;-0.09;-0.154;-0.081
-0.137;-0.132;-0.181;-0.078
-0.205;-0.242;-0.193;0.0
-0.261;-0.12;-0.083;-0.122
-0.129;-0.247;-0.068;-0.112
-0.093;-0.256;-0.12;-0.181
-0.222;-0.339;-0.132;-0.088
-0.193;-0.139;-0.117;-0.137
-0.159;-0.139;-0.027;-0.181
-0.081;-0.11;-0.029;-0.183
-0.146;-0.032;0.002;-0.183
-0.176;0.022;-0.063;-0.103
-0.054;0.017;-0.044;-0.127
-0.034;-0.107;-0.093;-0.195
-0.098;-0.2;-0.117;-0.181
0.042;-0.227;-0.117;-0.076
0.144;0.015;-0.09;-0.081
-0.032;-0.032;-0.098;-0.093
-0.134;0.173;-0.139;-0.063
-0.112;0.044;-0.127;-0.117
-0.012;-0.156;-0.015;-0.129
-0.005;-0.315;-0.044;-0.027
-0.056;-0.117;-0.149;-0.024
-0.171;-0.049;-0.217;-0.081
-0.229;-0.222;-0.168;-0.042
-0.176;-0.088;-0.049;-0.044
-0.168;-0.293;-0.02;-0.083
-0.31;-0.134;-0.127;-0.112
-0.186;-0.156;-0.122;-0.054
-0.09;-0.098;-0.103;-0.144
-0.1;-0.264;-0.022;-0.088
-0.278;-0.164;-0.129;-0.129
-0.107;-0.081;-0.01;-0.095
-0.259;-0.01;-0.063;-0.273
-0.137;-0.085;-0.034;-0.222
-0.012;-0.088;-0.122;-0.098
0.01;-0.256;-0.076;-0.173
0.002;-0.295;-0.139;-0.112
-0.107;0.083;-0.156;-0.161
-0.205;-0.051;-0.093;-0.19
-0.3;-0.002;-0.056;-0.137
-0.117;-0.222;-0.149;-0.171
-0.063;-0.112;-0.212;0.017
-0.024;-0.303;-0.19;-0.054
-0.068;-0.193;-0.09;-0.115
-0.159;-0.149;-0.027;-0.193
-0.105;-0.142;-0.071;-0.137
0.034;-0.237;-0.151;-0.137
-0.151;-0.044;-0.171;-0.083
-0.181;0.071;-0.144;0.012
-0.103;-0.002;-0.095;-0.066
-0.032;-0.181;-0.137;-0.12
-0.117;-0.269;-0.154;-0.137
-0.166;-0.054;-0.159;-0.042
-0.066;-0.122;-0.132;-0.063
-0.159;0.027;-0.09;-0.12
-0.137;-0.19;-0.071;-0.151
-0.122;-0.056;-0.078;-0.107
-0.076;-0.103;-0.171;-0.103
-0.161;-0.066;-0.19;-0.046
-0.122;-0.125;-0.139;-0.103
-0.073;-0.125;-0.137;-0.159
-0.254;0.051;-0.171;-0.095
-0.256;0.081;-0.19;-0.061
0.037;0.078;-0.195;-0.068
0.146;-0.266;-0.195;-0.132
0.032;-0.125;-0.181;-0.071
-0.073;-0.083;-0.095;-0.161
-0.022;-0.059;-0.081;-0.173
-0.081;-0.203;-0.225;-0.186
-0.166;-0.081;-0.183;-0.129
-0.178;-0.032;-0.156;-0.161
-0.042;-0.247;-0.071;-0.11
-0.027;-0.11;-0.081;-0.115
-0.098;-0.044;-0.042;-0.22
-0.046;0.066;-0.022;-0.176
0.017;-0.098;-0.051;-0.19
0.076;0.007;-0.112;-0.161
0.015;0.022;-0.129;-0.215
-0.063;-0.254;-0.088;-0.21
-0.073;-0.139;-0.095;-0.129
-0.193;-0.1;-0.098;-0.127
-0.164;-0.21;-0.132;-0.249
-0.022;-0.327;-0.076;-0.176
-0.02;-0.19;-0.11;-0.159
-0.056;-0.112;-0.081;-0.173
0.044;-0.059;-0.083;-0.073
-0.083;-0.234;-0.11;-0.085
-0.247;-0.178;-0.117;-0.076
-0.281;-0.295;-0.12;-0.044
-0.129;-0.127;-0.056;-0.078
-0.151;0.012;-0.107;-0.056
-0.093;-0.093;-0.129;-0.01
-0.005;-0.171;-0.244;-0.11
0.034;0.034;-0.176;-0.117
-0.088;0.032;-0.1;-0.039
-0.115;-0.085;-0.081;-0.117
-0.085;-0.2;-0.095;-0.059
-0.063;0.002;-0.117;-0.034
-0.203;-0.098;-0.1;-0.1
-0.129;-0.256;-0.076;-0.095
-0.276;-0.288;-0.117;-0.029
-0.273;-0.183;-0.066;-0.049
-0.127;-0.09;-0.127;0.015
0.002;-0.142;-0.171;-0.054
-0.078;-0.073;-0.171;-0.2
-0.032;-0.188;-0.11;-0.105
-0.085;-0.063;-0.164;-0.103
-0.015;-0.2;-0.173;-0.071
-0.164;-0.078;-0.166;-0.122
-0.322;-0.149;-0.071;-0.093
-0.107;-0.134;-0.105;-0.115
0.007;-0.173;-0.093;-0.068
0.034;-0.083;-0.139;-0.112
-0.19;-0.012;-0.083;-0.171
-0.229;-0.039;-0.034;-0.149
-0.081;-0.09;-0.015;-0.193
-0.042;-0.186;-0.088;-0.103
0.078;-0.105;-0.107;-0.125
0.205;-0.056;-0.085;-0.156
-0.005;-0.093;-0.088;-0.183
-0.176;-0.02;-0.093;-0.127
-0.029;-0.266;-0.171;-0.068
0.059;-0.291;-0.178;-0.095
0.056;-0.354;-0.139;-0.081
-0.034;-0.032;-0.107;-0.139
0.042;-0.105;-0.1;-0.022
-0.105;-0.168;-0.178;-0.09
-0.166;-0.039;-0.103;-0.11
-0.283;-0.044;-0.076;-0.178
-0.232;-0.151;-0.049;-0.129
0.029;-0.181;-0.146;-0.093
-0.095;-0.146;-0.127;-0.01
-0.244;-0.178;-0.237;-0.056
-0.2;-0.227;-0.11;-0.12
-0.149;-0.244;-0.032;-0.115
-0.227;-0.193;-0.024;-0.137
-0.039;-0.227;-0.127;-0.117
-0.037;-0.056;-0.173;-0.066
-0.139;-0.146;-0.195;-0.09
-0.105;-0.139;-0.1;-0.012
-0.054;-0.229;-0.095;-0.134
-0.151;-0.054;-0.134;-0.122
-0.195;-0.073;-0.19;-0.044
-0.125;-0.017;-0.132;-0.034
-0.068;-0.178;-0.115;-0.149
-0.154;-0.095;-0.068;-0.081
-0.247;-0.142;-0.144;-0.156
-0.234;-0.205;-0.149;-0.017
-0.093;-0.195;-0.146;-0.09
-0.146;-0.071;-0.046;-0.159
-0.127;-0.061;-0.085;-0.22
-0.132;-0.242;-0.015;-0.11
-0.244;-0.049;-0.085;-0.076
-0.266;-0.222;-0.139;-0.11
-0.012;-0.156;-0.178;-0.044
0.059;-0.232;-0.151;-0.056
-0.188;-0.168;-0.044;-0.088
-0.151;-0.247;-0.171;-0.222
-0.056;-0.271;-0.1;-0.132
-0.081;-0.232;-0.186;-0.083
-0.146;-0.186;-0.132;0.0
-0.085;-0.022;-0.181;-0.134
-0.037;-0.022;-0.142;-0.205
-0.105;0.015;-0.134;-0.251
-0.115;-0.171;-0.103;-0.125
-0.278;-0.01;-0.156;-0.095
-0.427;-0.039;-0.2;-0.11
-0.305;-0.051;-0.146;-0.154
-0.107;-0.237;-0.071;-0.129
-0.144;-0.166;-0.024;-0.156
-0.237;-0.166;-0.088;-0.159
-0.295;-0.044;-0.095;-0.09
-0.176;-0.112;-0.12;-0.049
-0.278;-0.256;-0.063;-0.129
-0.193;-0.151;0.017;-0.103
-0.11;-0.049;-0.029;-0.103
-0.098;-0.144;-0.125;-0.061
-0.117;-0.295;-0.251;0.012
-0.015;-0.005;-0.144;-0.039
-0.056;-0.203;-0.02;-0.129
-0.103;-0.203;-0.012;-0.046
-0.166;-0.222;-0.193;-0.073
-0.273;-0.203;-0.193;-0.005
-0.12;-0.21;-0.159;-0.02
-0.017;-0.154;-0.11;-0.1
-0.056;-0.007;-0.117;-0.115
-0.081;0.02;-0.146;-0.12
-0.215;-0.005;-0.132;-0.034
-0.273;-0.085;-0.205;0.005
-0.259;0.037;-0.168;-0.103
-0.261;-0.005;-0.146;-0.142
-0.247;-0.056;-0.105;-0.173
-0.125;-0.12;-0.127;-0.127
-0.142;-0.012;-0.195;-0.159
-0.166;-0.127;-0.266;-0.095
-0.154;-0.229;-0.195;-0.166
-0.061;-0.344;-0.078;-0.12
-0.132;-0.2;-0.044;-0.137
-0.095;-0.154;-0.083;-0.034
-0.054;-0.159;-0.225;-0.09
-0.085;-0.1;-0.249;-0.046
-0.195;-0.073;-0.217;-0.11
-0.186;0.022;-0.088;-0.122
-0.024;-0.095;-0.085;-0.217
-0.032;-0.142;-0.137;-0.134
-0.212;-0.237;-0.222;-0.071
-0.264;-0.12;-0.151;-0.061
-0.156;-0.181;-0.11;-0.154
-0.02;-0.005;-0.046;-0.215
-0.068;-0.046;-0.037;-0.188
-0.251;-0.017;-0.081;-0.068
-0.261;-0.117;-0.181;-0.098
-0.254;-0.105;-0.142;-0.12
-0.166;-0.122;-0.034;-0.142
-0.142;-0.164;0.005;-0.151
-0.186;0.059;-0.161;-0.132
-0.273;-0.012;-0.156;-0.071
-0.146;-0.051;-0.122;-0.198
-0.051;-0.166;-0.044;-0.046
0.081;-0.132;-0.142;-0.049
-0.017;-0.181;-0.107;0.002
-0.146;-0.195;-0.149;-0.078
-0.303;-0.061;-0.11;-0.081
-0.063;-0.168;-0.159;-0.098
0.09;-0.01;-0.127;-0.176
-0.151;-0.037;-0.139;-0.251
-0.266;-0.027;-0.215;-0.076
-0.183;-0.186;-0.183;-0.093
-0.151;-0.039;-0.154;-0.232
-0.137;-0.059;-0.159;-0.125
0.056;0.134;-0.151;-0.215
-0.015;-0.02;-0.171;-0.181
-0.225;0.027;-0.203;0.032
-0.083;-0.122;-0.129;-0.032
-0.085;-0.247;-0.098;-0.212
-0.12;-0.149;-0.193;-0.083
-0.139;0.068;-0.195;-0.059
-0.022;-0.044;-0.205;-0.22
0.095;-0.103;-0.12;-0.186
0.022;-0.249;-0.127;-0.134
-0.061;-0.083;-0.19;-0.107
-0.117;-0.029;-0.222;-0.059
-0.156;-0.305;-0.22;-0.195
0.01;-0.178;-0.103;-0.242
-0.027;-0.027;-0.015;-0.129
-0.168;-0.007;-0.142;-0.134
-0.151;-0.168;-0.227;-0.078
-0.059;-0.02;-0.171;-0.117
-0.208;0.156;-0.095;-0.293
-0.271;0.105;-0.049;-0.237
-0.183;-0.015;-0.088;-0.137
-0.005;-0.186;-0.115;-0.049
-0.117;0.022;-0.176;-0.071
-0.266;0.042;-0.049;-0.11
-0.081;-0.22;0.015;-0.122
0.027;-0.22;-0.085;-0.078
-0.2;-0.142;-0.142;-0.127
-0.205;-0.156;-0.178;-0.056
-0.049;-0.188;-0.093;-0.076
-0.132;-0.3;-0.029;-0.144
-0.098;-0.198;-0.066;-0.166
-0.059;-0.105;-0.1;-0.085
-0.083;-0.176;-0.193;-0.127
-0.046;-0.02;-0.151;-0.068
-0.125;-0.049;-0.12;-0.085
-0.107;-0.054;-0.156;-0.144
-0.173;-0.002;-0.186;-0.095
-0.146;0.0;-0.139;-0.115
-0.205;-0.2;-0.178;-0.186
-0.076;0.039;-0.134;-0.007
-0.208;0.078;-0.117;-0.032
-0.249;0.142;-0.127;-0.127
-0.09;-0.059;-0.122;-0.139
-0.095;-0.146;-0.098;-0.156
0.022;-0.117;0.002;-0.127
-0.032;-0.076;-0.129;-0.107
-0.095;-0.056;-0.173;-0.117
-0.02;-0.188;-0.176;-0.171
0.007;-0.144;0.012;-0.151
-0.105;-0.054;-0.076;-0.081
-0.076;-0.037;-0.222;0.0
-0.073;-0.071;-0.249;-0.039
0.166;-0.046;-0.1;-0.144
-0.042;-0.19;-0.02;-0.132
-0.232;-0.032;-0.073;-0.056
-0.254;0.054;-0.095;-0.247
-0.278;-0.059;-0.198;0.005
-0.195;-0.081;-0.09;-0.034
-0.254;0.024;0.002;-0.059
-0.264;0.046;-0.007;-0.125
-0.044;-0.1;-0.059;-0.1
-0.173;-0.115;-0.105;-0.049
-0.249;-0.144;-0.071;-0.063
-0.273;-0.115;-0.117;-0.066
-0.12;-0.046;-0.151;-0.093
0.032;-0.098;-0.088;-0.105
0.017;-0.264;-0.059;-0.066
-0.071;-0.195;-0.154;-0.117
0.022;-0.073;-0.085;-0.176
0.01;-0.312;-0.078;-0.146
-0.098;-0.237;-0.137;-0.09
-0.149;-0.054;-0.161;-0.12
-0.391;0.007;-0.159;-0.098
-0.151;-0.308;-0.156;-0.027
0.2;-0.085;-0.212;0.044
-0.046;-0.005;-0.117;-0.193
-0.359;0.032;-0.073;-0.029
-0.212;-0.205;-0.164;-0.002
-0.105;-0.09;-0.149;-0.073
-0.208;-0.117;-0.137;-0.112
-0.171;-0.042;-0.076;-0.168
-0.2;0.002;-0.105;-0.156
-0.439;-0.122;-0.098;-0.188
-0.242;-0.215;-0.076;-0.151
0.107;-0.232;-0.103;-0.137
0.073;-0.022;-0.076;-0.125
-0.125;-0.154;-0.088;-0.181
-0.093;-0.293;-0.146;-0.164
-0.073;-0.31;-0.132;-0.093
-0.105;-0.149;-0.071;-0.056
-0.063;-0.037;-0.1;-0.139
0.032;-0.02;-0.066;-0.068
0.078;-0.203;-0.117;-0.173
-0.154;-0.093;-0.046;-0.286
-0.176;-0.063;-0.11;-0.193
-0.039;-0.02;-0.063;0.0
-0.093;0.132;-0.037;-0.078
-0.408;0.01;-0.032;-0.176
-0.342;0.051;-0.161;-0.181
-0.107;-0.024;-0.146;0.024
-0.122;-0.137;-0.125;-0.054
-0.161;-0.186;-0.083;-0.1
-0.076;-0.051;-0.095;-0.176
-0.129;-0.103;-0.01;-0.076
-0.044;-0.229;-0.083;0.0
-0.12;-0.19;-0.09;0.063
-0.198;-0.293;-0.081;-0.046
-0.19;-0.2;-0.066;-0.088
-0.02;-0.312;-0.098;-0.151
-0.098;-0.222;-0.098;-0.107
-0.237;-0.151;-0.181;-0.054
-0.305;-0.02;-0.176;-0.049
-0.261;-0.134;-0.159;-0.076
-0.149;-0.142;-0.093;-0.173
-0.244;-0.144;-0.112;-0.215
-0.098;-0.051;-0.176;-0.068
-0.149;-0.002;-0.254;-0.056
-0.225;0.0;-0.142;-0.264
-0.276;-0.081;-0.066;-0.271
-0.315;-0.244;-0.046;-0.061
-0.122;0.066;-0.134;-0.039
-0.225;-0.076;-0.112;-0.142
-0.071;-0.01;-0.054;-0.173
-0.151;-0.334;0.037;-0.176
-0.2;-0.425;-0.054;-0.085
-0.164;-0.322;-0.193;-0.02
-0.103;-0.183;-0.059;-0.061
-0.071;-0.222;-0.024;-0.151
-0.11;-0.081;-0.056;-0.132
-0.208;-0.073;-0.146;-0.1
-0.088;-0.408;-0.159;-0.044
0.056;-0.31;-0.146;-0.061
-0.095;-0.129;-0.146;-0.156
-0.168;-0.168;-0.107;-0.117
-0.083;0.007;-0.032;-0.144
-0.112;0.032;-0.083;-0.19
-0.039;0.076;-0.154;-0.049
-0.242;0.076;-0.156;-0.012
-0.088;-0.344;-0.007;-0.081
-0.139;-0.137;-0.002;-0.078
-0.2;-0.066;-0.1;-0.098
-0.234;-0.029;-0.12;-0.208
-0.122;-0.063;-0.068;-0.193
-0.068;-0.139;0.002;-0.117
-0.129;-0.066;-0.049;-0.159
-0.125;-0.09;-0.12;-0.134
-0.212;-0.161;-0.059;-0.098
-0.117;-0.273;-0.081;-0.125
-0.066;-0.203;-0.085;-0.132
-0.083;-0.049;-0.139;-0.061
-0.22;0.015;-0.181;-0.051
-0.21;0.076;-0.171;-0.127
-0.01;-0.098;-0.208;-0.283
0.056;-0.022;-0.107;0.022
-0.21;0.01;-0.2;-0.039
-0.271;-0.154;-0.127;-0.156
-0.273;-0.024;-0.239;-0.298
-0.193;0.242;-0.132;-0.198
-0.308;-0.034;-0.161;-0.176
-0.085;-0.042;-0.088;-0.071
-0.156;-0.134;-0.2;-0.076
-0.31;-0.146;-0.176;-0.195
-0.188;-0.264;-0.054;-0.156
-0.117;-0.146;-0.002;-0.166
-0.259;-0.09;-0.095;-0.103
-0.278;-0.024;-0.22;-0.015
-0.181;-0.056;-0.154;-0.125
-0.112;-0.208;-0.122;-0.234
0.046;-0.22;-0.01;-0.281
-0.015;-0.081;-0.002;-0.176
-0.107;-0.347;-0.171;-0.173
-0.122;-0.234;-0.21;-0.093
0.034;-0.181;-0.105;-0.078
-0.044;-0.063;0.042;-0.115
0.007;-0.125;-0.054;-0.12
-0.095;-0.054;-0.159;-0.034
-0.171;-0.144;-0.142;0.022
-0.217;-0.154;-0.039;-0.149
-0.2;-0.168;-0.051;-0.21
-0.137;-0.281;-0.042;-0.107
-0.33;-0.051;-0.081;-0.076
-0.3;-0.122;-0.122;-0.059
-0.205;-0.305;-0.144;-0.11
-0.093;-0.115;-0.042;-0.208
-0.198;-0.127;0.037;-0.183
0.012;-0.237;-0.02;-0.054
0.015;-0.181;-0.085;-0.051
-0.137;0.076;-0.1;-0.027
-0.144;-0.078;-0.093;-0.09
-0.01;-0.095;-0.024;-0.063
-0.017;-0.029;-0.039;-0.044
-0.156;-0.044;-0.051;-0.037
-0.039;-0.178;-0.168;-0.037
0.154;-0.2;-0.181;-0.059
0.029;-0.061;-0.117;-0.024
-0.071;0.039;-0.076;-0.12
-0.11;-0.081;-0.076;-0.127
-0.149;-0.122;-0.093;-0.127
-0.203;-0.154;-0.161;-0.022
-0.015;-0.144;-0.215;-0.037
-0.137;-0.151;-0.115;-0.049
-0.32;-0.034;-0.032;-0.115
-0.405;0.022;-0.007;-0.161
-0.195;-0.049;-0.046;-0.063
-0.078;-0.159;-0.129;-0.088
-0.183;-0.266;-0.151;-0.132
-0.12;0.017;-0.056;-0.225
-0.032;-0.171;0.005;-0.139
0.017;-0.242;-0.061;-0.107
-0.068;-0.181;-0.12;-0.095
-0.173;-0.095;-0.137;-0.156
-0.078;-0.188;-0.125;-0.249
0.076;-0.222;-0.095;-0.168
0.081;-0.159;-0.088;-0.132
-0.156;-0.22;-0.085;-0.178
-0.12;-0.12;-0.098;-0.178
-0.1;-0.142;-0.093;-0.183
-0.076;-0.068;-0.132;-0.229
-0.215;-0.156;-0.103;-0.188
-0.156;-0.081;-0.005;-0.176
-0.254;-0.01;-0.088;-0.146
-0.168;-0.022;-0.159;-0.1
-0.139;-0.085;-0.144;-0.012
-0.012;-0.242;-0.093;-0.071
-0.078;-0.115;-0.002;-0.098
0.022;-0.134;-0.061;-0.388
-0.078;-0.256;-0.154;-0.391
-0.168;-0.068;-0.193;-0.381
-0.132;-0.095;-0.244;0.022
-0.193;-0.281;-0.098;-0.339
-0.056;-0.225;0.063;-0.12
-0.032;-0.144;-0.105;-0.129
-0.073;-0.117;-0.261;-0.239
0.024;-0.046;-0.227;-0.002
-0.093;-0.059;-0.142;-0.078
-0.063;-0.051;-0.217;-0.122
0.027;-0.093;-0.178;0.081
-0.022;-0.071;-0.352;0.01
-0.225;-0.112;-0.186;-0.139
-0.383;-0.139;-0.024;-0.09
-0.327;0.042;0.044;-0.156
-0.19;-0.107;-0.085;0.071
-0.046;-0.256;-0.193;-0.239
-0.012;-0.054;0.007;-0.076
-0.054;-0.132;-0.09;-0.203
-0.244;-0.186;0.154;-0.068
-0.21;-0.208;-0.237;-0.498
-0.127;-0.088;-0.002;-0.181
-0.076;-0.173;-0.281;-0.137
-0.022;-0.266;0.117;-0.237
0.032;-0.181;0.11;-0.344
0.093;-0.144;-0.186;-0.173
0.134;-0.132;-0.237;-0.193
0.054;-0.132;-0.071;-0.208
-0.085;-0.083;0.002;-0.283
-0.149;0.049;-0.205;0.022
-0.159;-0.183;-0.273;-0.049
-0.017;-0.149;-0.181;-0.007
-0.002;-0.256;-0.081;0.034
-0.078;-0.088;-0.007;-0.369
-0.247;0.017;0.127;-0.01
-0.183;0.078;-0.256;0.017
-0.032;-0.115;-0.105;-0.146
-0.078;-0.078;-0.156;-0.264
-0.137;-0.078;0.073;-0.081
-0.369;0.002;-0.127;-0.217
-0.173;-0.137;0.01;-0.322
0.098;-0.149;0.042;0.144
0.015;-0.21;-0.322;-0.198
-0.156;-0.105;-0.278;-0.305
-0.068;-0.173;-0.127;-0.266
0.083;-0.112;-0.295;-0.234
0.068;-0.1;-0.122;-0.42
-0.002;-0.112;0.081;0.161
0.063;0.015;-0.298;0.024
-0.217;0.093;-0.19;0.1
-0.215;-0.32;-0.186;-0.139
-0.278;-0.1;0.09;-0.093
-0.164;-0.12;-0.046;-0.005
-0.098;-0.09;-0.059;0.188
-0.024;-0.024;-0.244;-0.2
-0.076;-0.015;-0.056;-0.107
-0.283;-0.044;-0.083;-0.188
-0.308;-0.186;0.059;-0.146
-0.168;-0.205;-0.059;-0.195
0.002;-0.09;-0.12;-0.137
-0.159;0.017;-0.168;-0.1
-0.225;-0.183;0.007;-0.085
-0.229;-0.166;-0.037;-0.291
0.037;-0.125;-0.007;-0.273
-0.034;-0.269;-0.09;-0.081
0.063;-0.251;-0.193;-0.19
-0.037;-0.181;-0.093;-0.112
-0.212;-0.161;-0.093;-0.068
-0.232;-0.068;-0.12;-0.134
-0.095;-0.183;-0.171;-0.093
0.088;-0.208;-0.059;-0.171
-0.034;-0.103;-0.029;-0.205
-0.242;-0.017;-0.046;0.042
-0.161;-0.056;-0.154;-0.015
-0.212;-0.181;-0.291;-0.181
-0.151;-0.229;-0.129;-0.159
-0.183;0.051;-0.066;-0.063
-0.32;-0.098;-0.007;-0.137
-0.195;-0.142;-0.002;0.017
-0.029;-0.273;-0.112;-0.215
-0.156;-0.168;0.078;-0.2
-0.222;-0.024;-0.002;-0.024
-0.139;-0.176;0.002;-0.054
-0.044;-0.159;-0.088;-0.166
-0.068;-0.264;-0.071;0.002
-0.127;-0.117;-0.129;-0.039
-0.137;-0.173;-0.139;-0.134
-0.059;-0.156;-0.129;-0.151
-0.11;-0.12;-0.11;-0.051
-0.164;-0.083;-0.178;0.046
-0.159;-0.107;-0.212;0.249
-0.144;-0.056;-0.293;0.161
-0.044;-0.059;-0.103;-0.002
-0.205;-0.125;-0.046;-0.063
-0.295;0.007;-0.178;-0.09
-0.093;0.042;-0.19;-0.042
-0.01;-0.059;-0.205;-0.107
-0.11;-0.12;-0.044;-0.22
-0.142;-0.042;-0.063;-0.22
-0.095;-0.139;-0.107;-0.198
-0.161;-0.193;-0.12;-0.161
-0.149;-0.31;-0.247;-0.042
-0.193;-0.303;-0.193;-0.002
-0.239;-0.259;-0.078;-0.071
-0.107;-0.205;-0.076;-0.146
-0.029;-0.178;-0.166;-0.139
0.0;-0.129;-0.188;-0.107
-0.024;-0.112;-0.125;-0.173
0.068;-0.159;-0.068;-0.295
0.017;-0.107;-0.09;-0.352
-0.059;-0.039;-0.229;-0.259
-0.134;0.066;-0.205;-0.293
-0.178;-0.066;-0.117;-0.203
-0.171;-0.178;-0.134;-0.19
-0.139;-0.122;-0.049;0.015
-0.198;-0.178;-0.168;0.032
-0.237;-0.198;-0.105;0.156
-0.215;-0.017;-0.146;-0.002
-0.183;0.156;-0.098;-0.129
-0.078;0.002;-0.029;-0.095
-0.002;-0.217;-0.073;-0.127
-0.002;-0.19;-0.125;-0.139
-0.122;-0.127;-0.217;-0.117
-0.142;-0.142;-0.178;-0.156
-0.007;-0.151;-0.19;-0.154
-0.154;-0.146;-0.137;-0.093
-0.151;-0.193;-0.186;-0.034
-0.103;-0.176;-0.029;0.107
-0.093;-0.256;-0.066;-0.161
-0.005;-0.098;0.005;-0.068
-0.029;0.042;-0.176;-0.022
-0.068;0.061;-0.151;-0.049
-0.173;0.078;-0.154;-0.215
-0.168;-0.117;-0.073;-0.159
-0.149;-0.115;-0.027;-0.142
-0.117;-0.078;-0.09;-0.164
-0.227;-0.071;-0.071;-0.168
-0.195;-0.137;-0.139;-0.098
-0.144;-0.105;-0.146;-0.078
-0.19;-0.264;-0.12;-0.103
-0.11;-0.103;-0.117;-0.093
-0.042;-0.225;-0.093;-0.068
0.049;-0.051;-0.076;-0.061
-0.161;-0.225;-0.09;-0.2
-0.027;-0.154;-0.105;-0.193
-0.081;-0.154;-0.088;-0.171
-0.098;-0.154;-0.166;-0.256
-0.127;-0.154;-0.122;-0.261
-0.073;-0.112;-0.117;-0.242
-0.103;-0.142;-0.105;-0.1
-0.117;-0.063;-0.249;-0.054
-0.063;-0.107;-0.256;-0.081
-0.12;-0.1;-0.168;-0.01
-0.349;-0.151;-0.093;0.056
-0.247;-0.044;-0.066;-0.098
-0.217;-0.112;-0.176;-0.144
-0.146;-0.222;-0.061;-0.149
-0.178;-0.081;-0.044;-0.205
-0.237;-0.134;-0.002;-0.161
-0.283;-0.039;-0.105;-0.137
-0.181;-0.078;-0.164;-0.164
-0.066;-0.125;-0.176;-0.073
0.027;-0.156;-0.188;-0.063
-0.203;-0.161;-0.156;0.002
-0.146;-0.112;-0.205;-0.032
-0.1;-0.181;-0.134;-0.125
-0.164;-0.215;-0.112;-0.098
-0.254;-0.024;-0.066;0.01
-0.215;0.046;-0.137;-0.144
-0.178;-0.283;-0.09;-0.156
-0.183;-0.237;-0.164;-0.159
-0.173;-0.081;-0.132;-0.034
-0.164;0.002;-0.085;0.007
-0.156;-0.017;-0.11;-0.159
-0.159;-0.046;-0.098;-0.046
-0.195;-0.098;-0.151;0.051
-0.181;-0.012;-0.134;0.037
-0.134;-0.068;-0.125;0.01
-0.095;-0.183;-0.005;-0.076
-0.134;-0.173;0.002;-0.046
-0.19;-0.012;-0.154;-0.056
-0.188;-0.134;-0.09;-0.112
-0.083;-0.156;-0.186;-0.286
-0.037;-0.139;-0.029;-0.312
-0.078;-0.264;-0.173;-0.315
-0.103;-0.066;-0.083;-0.208
-0.081;-0.154;-0.181;-0.11
0.012;-0.2;-0.205;-0.085
0.054;-0.244;-0.168;0.015
-0.063;-0.151;-0.176;-0.081
-0.127;-0.034;-0.095;-0.132
-0.051;-0.156;-0.188;-0.129
-0.095;0.005;-0.229;-0.151
-0.283;-0.015;-0.19;-0.181
-0.178;-0.039;-0.095;-0.261
-0.076;-0.2;-0.103;-0.127
0.0;-0.154;-0.107;-0.09
-0.076;-0.122;-0.176;0.037
-0.076;0.015;-0.161;-0.061
-0.168;-0.166;-0.083;-0.046
-0.149;-0.078;-0.029;-0.159
-0.107;-0.293;-0.078;-0.061
-0.012;-0.156;-0.188;-0.093
0.034;-0.259;-0.12;-0.154
-0.105;-0.132;-0.137;-0.244
-0.115;-0.278;-0.078;-0.139
-0.208;-0.256;-0.093;-0.063
-0.264;-0.115;-0.017;-0.068
-0.205;-0.186;-0.125;-0.066
-0.063;-0.227;-0.188;-0.005
-0.059;-0.083;-0.19;-0.066
-0.159;0.049;-0.142;-0.085
-0.122;0.088;-0.186;0.027
-0.093;-0.022;-0.229;0.068
-0.098;-0.11;-0.103;-0.039
-0.09;-0.088;-0.073;-0.127
-0.156;-0.01;-0.046;-0.134
-0.178;-0.078;-0.146;-0.068
-0.186;-0.042;-0.081;-0.068
-0.09;-0.21;-0.088;-0.068
-0.049;-0.049;-0.1;-0.127
-0.081;-0.103;-0.007;-0.281
-0.029;-0.063;-0.039;-0.234
0.02;-0.266;-0.154;-0.107
0.044;-0.12;-0.173;-0.166
-0.083;-0.183;-0.073;-0.093
-0.015;-0.181;-0.029;-0.203
-0.1;-0.271;-0.046;-0.122
-0.112;-0.254;-0.161;-0.132
-0.168;-0.039;-0.112;-0.044
-0.066;-0.076;-0.115;-0.063
-0.068;-0.049;-0.078;-0.083
-0.093;-0.032;-0.154;-0.161
-0.122;0.073;-0.266;-0.081
-0.195;-0.171;-0.273;-0.1
-0.334;0.024;-0.283;-0.073
-0.249;-0.095;-0.195;-0.059
-0.083;-0.142;-0.149;-0.098
-0.071;-0.203;-0.042;-0.137
-0.1;-0.073;-0.063;-0.034
-0.232;0.049;-0.105;0.0
-0.161;-0.273;-0.005;-0.059
-0.112;-0.264;-0.01;-0.181
-0.125;-0.22;-0.073;-0.2
-0.146;-0.034;-0.237;-0.183
-0.081;-0.176;-0.176;-0.164
0.002;-0.303;-0.156;-0.154
-0.007;-0.242;-0.103;-0.076
-0.046;-0.139;-0.156;0.015
-0.137;-0.239;-0.205;0.029
-0.054;-0.122;-0.205;-0.061
-0.142;-0.054;-0.149;-0.054
-0.156;-0.1;-0.063;-0.007
-0.115;-0.19;-0.127;0.046
-0.066;-0.178;-0.139;-0.059
-0.081;-0.085;-0.161;-0.085
-0.215;-0.117;0.0;-0.156
-0.159;0.051;0.054;-0.188
-0.151;0.095;-0.002;-0.112
-0.188;-0.054;-0.098;-0.173
-0.09;-0.193;-0.098;-0.181
-0.017;-0.171;-0.037;-0.173
-0.083;-0.142;-0.046;0.0
-0.115;-0.122;-0.195;-0.02
-0.027;-0.181;-0.266;-0.081
-0.117;-0.11;-0.132;-0.19
-0.046;-0.22;0.012;-0.115
-0.034;-0.22;-0.061;-0.269
0.081;-0.159;-0.21;-0.105
0.09;-0.098;-0.271;-0.193
-0.122;-0.015;-0.093;-0.278
-0.178;-0.054;-0.015;-0.286
-0.132;-0.007;-0.071;-0.159
-0.002;-0.144;-0.293;-0.09
-0.024;-0.12;-0.22;-0.081
-0.029;-0.176;-0.188;-0.193
-0.168;-0.127;-0.012;-0.044
-0.232;-0.115;-0.063;-0.076
-0.159;-0.154;-0.112;0.012
-0.259;-0.117;-0.217;-0.076
-0.222;-0.093;-0.186;-0.19
-0.212;-0.032;-0.027;-0.21
0.029;-0.178;0.054;-0.164
-0.046;-0.156;-0.034;-0.142
-0.19;-0.005;-0.129;-0.186
-0.31;-0.061;-0.081;-0.166
-0.11;-0.342;-0.146;-0.127
0.066;-0.139;-0.151;0.007
-0.01;-0.117;-0.198;0.007
-0.088;-0.22;-0.154;0.015
-0.085;-0.2;-0.127;-0.024
-0.056;-0.166;-0.146;-0.063
-0.134;0.02;-0.132;-0.015
-0.129;-0.146;-0.215;0.017
-0.249;0.005;-0.039;-0.132
-0.164;-0.125;-0.078;-0.254
-0.234;-0.19;-0.029;-0.166
-0.144;-0.059;-0.083;-0.107
-0.149;-0.037;-0.144;-0.1
-0.149;-0.059;-0.149;-0.024
-0.132;-0.156;-0.081;-0.149
-0.205;-0.193;-0.044;-0.085
-0.117;-0.232;-0.139;0.017
0.032;-0.317;-0.112;0.056
-0.01;-0.342;-0.183;-0.125
-0.203;0.007;-0.007;-0.303
-0.369;-0.166;0.032;-0.264
-0.066;-0.21;-0.068;-0.12
0.027;-0.312;-0.217;-0.061
-0.027;-0.149;-0.305;-0.12
-0.017;-0.178;-0.117;-0.168
0.117;-0.283;-0.146;-0.151
-0.073;-0.076;-0.168;0.049
-0.193;-0.09;-0.203;0.051
-0.107;-0.232;-0.212;-0.017
-0.063;-0.222;-0.125;-0.159
-0.208;-0.254;0.0;-0.134
-0.259;-0.168;-0.09;-0.105
-0.166;-0.19;-0.146;-0.112
-0.269;-0.171;-0.164;-0.215
-0.3;0.037;-0.076;-0.227
-0.183;-0.02;0.027;-0.247
-0.066;-0.103;-0.076;-0.068
0.007;-0.039;-0.117;-0.159
-0.063;0.027;-0.11;-0.173
-0.071;-0.078;-0.034;-0.134
-0.225;-0.232;-0.049;-0.098
-0.278;-0.251;-0.154;-0.037
-0.051;-0.283;-0.181;-0.063
0.127;-0.078;-0.232;-0.137
-0.02;-0.078;-0.051;-0.178
0.0;-0.146;-0.027;-0.103
-0.061;-0.264;0.005;-0.127
-0.146;-0.054;-0.142;-0.083
-0.198;-0.068;-0.146;-0.134
-0.139;-0.125;-0.093;-0.105
-0.125;-0.19;-0.095;-0.09
-0.244;0.015;-0.129;-0.054
-0.269;-0.103;-0.21;-0.051
-0.195;-0.122;-0.085;-0.059
-0.139;-0.024;-0.042;-0.09
-0.095;-0.002;-0.032;-0.269
0.037;0.039;-0.12;-0.2
0.002;0.071;-0.234;-0.088
-0.178;0.02;-0.237;-0.1
-0.247;-0.083;0.039;-0.161
-0.173;-0.12;-0.015;-0.173
0.103;0.022;-0.066;-0.117
0.159;-0.098;-0.232;-0.005
0.071;-0.122;-0.166;-0.107
-0.005;-0.264;-0.132;-0.146
-0.059;-0.059;-0.127;-0.195
-0.107;-0.12;-0.125;-0.02
0.027;-0.02;-0.2;0.046
-0.078;-0.322;-0.217;-0.22
-0.037;-0.083;-0.117;-0.154
-0.107;-0.061;-0.056;-0.156
-0.151;0.027;-0.127;-0.088
-0.22;-0.063;-0.151;-0.11
-0.137;0.044;-0.098;-0.142
-0.234;-0.059;-0.127;-0.164
-0.281;-0.122;-0.063;-0.005
-0.068;-0.288;-0.076;-0.005
-0.088;-0.195;-0.061;-0.095
-0.146;-0.146;-0.142;-0.132
-0.115;0.105;-0.017;-0.12
0.015;-0.117;-0.112;-0.149
0.054;-0.271;-0.076;-0.198
-0.122;-0.276;-0.12;-0.212
-0.1;-0.273;-0.107;-0.125
-0.137;0.042;-0.146;-0.115
-0.183;-0.066;-0.132;-0.046
-0.039;0.046;-0.117;-0.146
-0.076;-0.095;-0.183;-0.076
-0.039;-0.149;-0.237;-0.093
-0.212;-0.325;-0.205;-0.037
-0.244;-0.178;-0.061;-0.027
-0.291;0.129;-0.061;-0.103
-0.391;0.083;-0.085;-0.107
-0.295;-0.022;-0.046;-0.061
-0.117;-0.02;-0.081;-0.154
-0.029;0.027;0.015;-0.215
-0.161;-0.146;-0.142;-0.161
-0.081;-0.076;-0.122;-0.188
-0.234;-0.051;-0.1;-0.127
-0.251;-0.308;-0.095;-0.1
-0.039;-0.391;-0.12;0.0
-0.005;-0.305;-0.02;-0.105
0.061;-0.071;0.012;-0.083
0.161;-0.129;-0.12;-0.132
0.244;-0.168;-0.088;-0.083
0.063;-0.151;-0.081;-0.056
-0.117;-0.034;-0.085;-0.127
-0.107;-0.229;-0.156;-0.078
0.076;-0.203;-0.129;-0.22
-0.015;-0.085;-0.129;-0.203
-0.142;-0.056;-0.159;-0.166
-0.178;-0.146;-0.159;-0.098
-0.222;-0.203;-0.181;-0.166
-0.273;-0.144;-0.088;-0.11
-0.183;-0.222;-0.168;-0.107
-0.127;-0.139;-0.137;-0.09
-0.242;-0.095;-0.151;-0.146
-0.254;-0.01;-0.11;-0.203
-0.156;-0.154;-0.137;-0.168
-0.208;-0.098;-0.007;-0.12
-0.244;-0.137;-0.063;-0.115
-0.171;-0.198;-0.068;-0.12
0.059;-0.134;-0.078;-0.095
0.02;-0.256;-0.085;-0.056
0.156;-0.183;-0.166;-0.173
0.024;-0.198;-0.227;-0.007
-0.171;-0.012;-0.198;0.005
-0.215;0.0;-0.293;-0.112
-0.173;-0.051;-0.159;-0.247
-0.093;-0.11;-0.034;-0.142
-0.164;0.032;-0.083;-0.151
-0.212;-0.017;-0.232;-0.125
-0.198;0.027;-0.283;-0.034
-0.186;-0.017;-0.149;-0.146
-0.359;0.071;0.005;-0.12
-0.339;0.049;-0.044;-0.066
-0.132;-0.154;-0.181;-0.107
-0.073;-0.134;-0.156;-0.1
-0.005;-0.12;-0.085;-0.112
-0.112;0.037;-0.11;-0.222
-0.024;-0.103;-0.176;-0.088
0.12;-0.154;-0.203;-0.115
0.002;-0.32;-0.093;-0.142
-0.237;-0.183;-0.076;-0.144
-0.007;-0.381;-0.061;-0.195
0.0;-0.32;-0.063;-0.051
-0.166;-0.293;-0.015;-0.046
-0.142;-0.237;-0.085;-0.142
-0.195;-0.159;-0.09;-0.02
-0.129;-0.11;-0.159;-0.11
-0.149;0.024;-0.186;-0.186
-0.205;0.02;-0.203;-0.168
-0.22;0.183;-0.137;-0.083
-0.137;0.032;-0.115;-0.117
-0.151;-0.09;-0.078;-0.098
-0.183;-0.078;-0.132;-0.017
-0.188;-0.076;-0.144;-0.046
-0.151;-0.286;0.032;-0.081
-0.051;-0.286;-0.071;-0.12
-0.193;-0.149;-0.105;-0.115
-0.259;-0.195;-0.166;-0.073
0.09;-0.188;-0.149;-0.056
0.144;-0.215;-0.168;-0.142
-0.049;-0.195;-0.071;-0.212
-0.151;-0.188;-0.105;-0.117
-0.132;-0.173;-0.205;-0.042
-0.234;-0.225;-0.164;-0.049
-0.112;-0.139;-0.073;-0.054
-0.049;-0.144;0.034;-0.107
-0.107;-0.11;-0.081;-0.22
-0.259;-0.183;-0.159;-0.071
-0.159;-0.054;-0.19;-0.078
-0.215;-0.044;-0.134;-0.168
-0.286;-0.178;-0.078;-0.032
-0.288;-0.044;-0.073;-0.078
-0.293;-0.122;-0.032;-0.073
-0.217;-0.127;-0.146;-0.083
-0.105;-0.237;-0.081;-0.039
-0.122;-0.183;-0.073;-0.093
-0.178;-0.151;-0.081;-0.198
-0.032;-0.234;-0.039;-0.203
0.032;-0.244;-0.125;-0.178
0.032;-0.134;-0.117;-0.127
0.005;-0.066;-0.137;-0.061
-0.02;-0.156;-0.1;-0.12
-0.088;-0.247;-0.073;-0.176
-0.168;0.034;-0.037;-0.068
-0.081;0.005;-0.142;-0.029
-0.059;-0.159;-0.193;-0.063
-0.115;-0.103;-0.183;-0.215
-0.195;0.017;-0.093;-0.103
-0.227;0.098;-0.056;-0.002
-0.249;0.01;-0.181;-0.122
-0.322;0.027;-0.098;-0.085
-0.205;-0.095;-0.068;-0.139
-0.134;0.022;0.037;-0.017
-0.239;-0.139;-0.095;-0.002
-0.273;-0.105;-0.066;-0.039
-0.203;0.02;-0.181;-0.056
-0.19;-0.081;-0.103;-0.054
-0.2;-0.276;-0.149;-0.078
0.1;-0.173;-0.134;-0.154
-0.032;-0.227;-0.215;-0.254
-0.149;-0.391;-0.217;-0.042
-0.029;-0.332;-0.171;-0.066
-0.056;-0.266;-0.183;-0.11
-0.103;-0.129;-0.188;-0.088
-0.051;-0.107;-0.103;-0.1
-0.076;0.007;-0.066;-0.146
-0.159;-0.039;-0.183;-0.076
-0.09;-0.117;-0.286;-0.105
-0.115;-0.205;-0.083;-0.066
-0.078;-0.269;-0.051;-0.156
-0.161;0.042;-0.059;-0.173
-0.339;-0.032;-0.242;-0.186
-0.293;-0.103;-0.249;0.015
-0.132;-0.166;-0.156;-0.178
-0.103;-0.193;0.0;-0.259
-0.291;-0.21;0.066;-0.251
-0.203;-0.122;-0.027;-0.122
-0.081;-0.154;-0.132;-0.115
-0.195;-0.103;-0.134;-0.088
-0.039;-0.383;-0.049;-0.112
0.259;-0.325;-0.002;-0.083
0.09;-0.017;-0.015;-0.139
-0.171;-0.054;-0.093;-0.205
-0.093;0.015;-0.278;-0.049
0.017;-0.156;-0.315;-0.076
-0.193;-0.247;-0.093;-0.059
-0.164;-0.217;-0.173;-0.173
-0.095;-0.085;-0.139;-0.117
-0.271;-0.132;-0.027;-0.071
-0.203;0.005;-0.1;-0.139
-0.205;0.049;-0.183;-0.107
-0.269;0.027;-0.149;-0.071
-0.234;0.046;-0.061;-0.161
-0.286;-0.027;-0.081;-0.291
-0.042;-0.139;-0.125;-0.11
-0.032;-0.22;-0.093;-0.066
-0.024;-0.063;-0.029;-0.137
-0.227;-0.125;-0.073;-0.151
-0.186;-0.049;0.037;-0.039
0.029;-0.186;0.088;-0.134
-0.059;-0.144;0.0;-0.103
-0.076;-0.11;-0.168;-0.12
0.046;-0.088;-0.225;-0.164
0.105;-0.205;-0.186;-0.137
-0.024;-0.19;-0.1;-0.107
-0.071;-0.159;-0.137;-0.171
-0.129;-0.098;-0.222;-0.105
-0.093;-0.085;-0.193;-0.149
-0.112;-0.024;-0.122;-0.151
-0.093;-0.149;-0.095;-0.222
-0.073;-0.154;-0.142;-0.134
-0.254;-0.115;-0.105;-0.176
-0.232;-0.054;-0.171;-0.261
-0.178;0.076;-0.117;-0.205
-0.237;0.181;-0.027;-0.078
-0.259;0.042;-0.098;-0.208
-0.142;-0.173;-0.122;-0.078
-0.061;-0.332;-0.171;-0.007
-0.002;-0.039;0.034;-0.1
-0.022;-0.273;0.029;-0.183
-0.198;-0.156;-0.154;-0.217
-0.181;-0.115;-0.127;-0.09
-0.171;-0.085;-0.105;-0.098
0.002;-0.337;-0.02;-0.21
-0.115;-0.137;-0.007;-0.205
-0.115;-0.115;-0.098;-0.122
-0.059;-0.122;-0.19;-0.02
0.063;-0.115;-0.208;0.017
-0.115;-0.129;-0.105;-0.076
-0.132;-0.044;-0.056;-0.132
-0.005;-0.066;-0.076;-0.168
-0.076;0.081;-0.085;-0.217
-0.356;0.017;-0.168;-0.151
-0.259;-0.024;-0.208;-0.173
0.002;-0.161;-0.105;-0.112
0.173;-0.129;-0.134;-0.154
0.044;-0.054;-0.078;-0.146
-0.151;0.007;-0.081;-0.205
-0.176;-0.046;-0.115;-0.088
-0.125;-0.005;-0.127;-0.112
-0.078;-0.283;-0.212;-0.115
0.044;-0.283;-0.205;-0.085
-0.039;-0.234;-0.151;-0.132
-0.068;-0.161;-0.12;-0.249
-0.12;-0.083;-0.186;-0.222
0.029;-0.112;-0.171;-0.098
-0.037;-0.037;-0.264;-0.129
-0.21;-0.093;-0.049;-0.071
-0.242;0.044;0.01;-0.3
-0.139;0.105;-0.051;-0.161
-0.232;-0.012;-0.154;0.032
-0.205;-0.139;-0.115;0.046
-0.186;-0.049;-0.146;-0.132
-0.327;-0.139;0.012;-0.105
-0.12;-0.137;0.042;-0.193
-0.049;-0.085;-0.107;-0.071
-0.164;-0.056;-0.168;-0.017
-0.254;-0.11;-0.151;-0.19
-0.142;-0.088;-0.083;-0.066
0.02;-0.215;0.044;-0.142
-0.134;-0.237;0.085;-0.178
0.01;-0.061;-0.132;-0.115
0.1;-0.176;-0.237;0.051
0.063;-0.176;-0.078;-0.103
-0.139;-0.144;-0.056;-0.181
-0.12;-0.071;-0.059;-0.066
0.083;-0.068;-0.205;-0.098
0.037;-0.19;-0.151;-0.1
-0.244;0.061;-0.139;-0.056
-0.188;0.0;-0.229;-0.002
-0.073;-0.146;-0.134;0.142
0.012;-0.105;-0.066;-0.31
-0.173;0.071;-0.046;-0.168
-0.139;-0.066;-0.105;-0.046
-0.056;-0.068;-0.017;-0.1
-0.164;-0.159;-0.063;-0.103
-0.273;-0.212;-0.049;-0.017
-0.107;-0.276;0.007;-0.168
-0.142;-0.264;-0.042;-0.02
-0.208;-0.063;-0.151;-0.203
-0.247;0.044;-0.244;-0.046
-0.098;-0.208;-0.098;0.044
0.107;-0.107;-0.11;-0.212
-0.168;-0.066;0.1;-0.039
-0.164;-0.081;-0.232;-0.002
-0.066;-0.112;-0.076;0.12
-0.039;-0.168;-0.378;-0.066
-0.115;-0.093;-0.166;0.034
-0.081;0.005;-0.076;-0.186
-0.129;-0.049;-0.308;0.034
-0.149;-0.039;-0.281;0.186
-0.117;-0.1;-0.166;-0.205
-0.178;-0.034;-0.11;-0.225
-0.266;-0.044;-0.203;0.007
-0.188;0.01;-0.078;-0.005
-0.1;-0.098;-0.151;-0.295
-0.103;-0.085;-0.051;-0.229
-0.103;-0.071;-0.027;-0.098
-0.093;-0.056;0.059;-0.083
-0.088;-0.222;-0.203;-0.342
-0.095;-0.088;-0.081;0.034
-0.105;-0.076;-0.239;-0.205
-0.029;-0.027;-0.061;-0.181
-0.034;-0.059;-0.234;-0.271
-0.11;-0.066;-0.032;-0.173
0.007;-0.076;-0.083;-0.356
0.015;-0.142;-0.156;-0.161
0.002;-0.256;-0.459;-0.002
-0.061;-0.164;-0.125;-0.295
-0.112;0.095;-0.142;-0.291
-0.09;-0.112;-0.112;-0.146
-0.049;0.005;0.193;-0.054
-0.029;0.015;-0.054;-0.317
-0.12;0.049;-0.212;0.129
-0.33;-0.12;-0.337;-0.107
-0.276;-0.024;0.046;0.063
-0.032;-0.081;0.002;-0.232
0.073;-0.183;0.061;-0.288
-0.068;-0.098;-0.405;-0.134
-0.283;0.017;-0.212;0.103
-0.122;-0.042;-0.146;-0.251
0.105;-0.325;0.315;-0.032
0.239;-0.303;-0.024;-0.166
-0.078;0.122;-0.183;-0.029
-0.222;-0.017;-0.232;0.034
-0.01;-0.132;-0.046;-0.22
0.164;-0.115;-0.068;-0.127
-0.073;0.093;0.049;0.002
-0.286;-0.149;-0.042;-0.244
-0.283;-0.081;-0.278;-0.073
-0.205;-0.203;-0.205;0.088
-0.173;-0.256;-0.107;-0.142
-0.171;-0.186;0.098;-0.083
-0.166;0.005;0.005;-0.21
-0.291;-0.083;-0.422;-0.244
-0.186;-0.007;-0.283;-0.066
-0.093;-0.2;0.054;-0.42
-0.146;-0.088;0.068;-0.327
-0.186;-0.042;-0.024;0.21
-0.125;-0.171;-0.068;-0.022
-0.146;-0.173;-0.098;-0.056
-0.156;-0.098;-0.054;-0.168
-0.146;-0.081;-0.078;-0.193
0.01;-0.229;-0.098;-0.02
0.168;-0.383;-0.122;-0.061
0.034;-0.142;-0.183;-0.129
-0.095;-0.051;-0.105;-0.068
-0.232;-0.112;0.012;-0.112
-0.134;-0.046;0.0;-0.161
-0.049;-0.112;-0.029;0.076
-0.107;-0.159;-0.039;-0.166
-0.205;-0.076;-0.125;-0.237
-0.156;0.054;-0.11;-0.073
-0.171;-0.005;-0.02;0.078
0.164;-0.164;-0.127;-0.181
0.034;-0.054;-0.144;-0.203
-0.129;-0.098;-0.144;-0.012
-0.295;-0.017;-0.066;-0.01
-0.139;-0.137;-0.093;-0.139
-0.054;-0.144;0.002;-0.112
-0.037;-0.208;-0.037;-0.317
-0.056;-0.042;-0.078;-0.142
-0.154;0.017;-0.22;-0.066
-0.071;-0.166;-0.276;-0.046
0.037;-0.088;-0.146;-0.137
0.181;-0.151;-0.002;-0.071
-0.029;-0.144;-0.103;-0.137
-0.173;-0.112;-0.278;-0.107
-0.063;-0.083;-0.171;-0.093
-0.073;-0.249;-0.134;-0.051
-0.244;0.232;-0.002;-0.068
-0.273;-0.032;-0.085;-0.122
-0.061;-0.168;-0.11;-0.217
-0.054;-0.125;-0.107;-0.188
-0.151;-0.002;-0.081;-0.122
-0.149;-0.159;-0.034;-0.1
-0.156;-0.078;-0.098;-0.103
-0.078;-0.037;-0.212;-0.161
-0.09;0.024;-0.188;-0.093
-0.044;-0.156;-0.051;-0.02
0.076;-0.156;-0.073;-0.2
0.088;-0.144;-0.046;-0.166
-0.088;-0.129;-0.195;-0.166
-0.076;-0.144;-0.181;-0.061
-0.061;-0.195;-0.137;-0.09
-0.022;-0.007;-0.105;-0.149
-0.044;-0.173;-0.11;-0.261
-0.173;-0.105;-0.132;-0.151
-0.303;-0.149;-0.159;-0.01
-0.3;0.042;-0.264;-0.085
-0.083;0.007;-0.146;-0.037
-0.01;-0.088;-0.112;-0.078
-0.078;-0.068;0.024;-0.125
-0.259;0.005;-0.095;-0.178
-0.142;-0.188;-0.122;-0.198
-0.02;-0.259;-0.073;-0.22
-0.251;0.061;0.017;-0.117
-0.237;-0.017;-0.039;-0.146
-0.073;-0.356;-0.076;-0.098
0.059;-0.308;-0.015;-0.071
-0.149;-0.178;-0.081;-0.181
-0.046;-0.251;-0.042;0.002
0.085;-0.093;-0.166;-0.02
0.029;-0.154;-0.159;-0.137
-0.081;-0.002;-0.122;-0.154
-0.076;-0.134;-0.071;-0.081
-0.049;-0.103;-0.09;-0.229
-0.129;-0.149;-0.154;-0.005
-0.083;-0.076;-0.19;-0.039
-0.164;-0.049;-0.134;-0.022
-0.154;-0.071;-0.115;-0.029
-0.254;-0.156;-0.09;-0.056
0.01;-0.168;-0.1;-0.054
-0.11;-0.078;-0.129;-0.005
-0.178;0.044;-0.156;-0.085
-0.227;0.0;-0.061;-0.125
-0.132;-0.161;-0.071;-0.156
-0.142;-0.193;-0.049;-0.178
-0.164;-0.186;-0.112;-0.063
-0.19;-0.073;-0.125;-0.122
-0.125;-0.181;-0.088;-0.098
-0.054;-0.291;-0.022;-0.132
-0.005;-0.154;-0.11;-0.093
-0.042;-0.129;-0.176;-0.159
-0.012;-0.137;-0.12;-0.161
-0.066;-0.205;-0.095;-0.12
-0.071;-0.105;-0.1;-0.115
-0.061;-0.068;-0.134;-0.051
-0.107;0.02;-0.112;-0.073
-0.127;-0.022;-0.151;-0.032
-0.22;-0.044;-0.117;-0.066
-0.127;0.078;-0.161;-0.085
-0.176;-0.073;-0.129;-0.227
-0.044;-0.198;-0.127;-0.198
-0.193;-0.242;-0.083;-0.127
-0.222;-0.171;-0.066;-0.176
-0.237;-0.154;-0.049;-0.176
-0.159;-0.154;-0.002;-0.183
-0.071;-0.203;-0.054;-0.144
0.073;-0.059;-0.039;-0.129
0.037;-0.083;-0.044;-0.154
-0.1;-0.178;-0.068;-0.144
-0.183;-0.146;-0.149;-0.166
-0.11;-0.176;-0.137;-0.164
-0.083;-0.046;-0.154;-0.115
-0.085;0.007;-0.261;-0.095
-0.061;-0.09;-0.212;-0.09
-0.017;-0.312;-0.249;-0.171
-0.178;-0.1;-0.1;-0.088
-0.288;-0.024;-0.159;-0.103
-0.242;-0.068;-0.098;-0.046
-0.242;-0.054;-0.188;-0.129
-0.256;-0.103;-0.095;-0.068
-0.269;-0.098;-0.12;-0.083
-0.198;-0.159;-0.024;-0.139
-0.173;-0.093;-0.12;-0.098
-0.193;-0.095;-0.164;-0.073
-0.127;-0.063;-0.142;-0.093
-0.046;-0.361;-0.161;-0.103
0.046;-0.244;-0.073;-0.12
-0.015;-0.41;-0.071;-0.1
-0.112;-0.186;-0.098;-0.117
-0.103;-0.154;-0.11;-0.12
-0.093;-0.083;-0.117;-0.093
-0.01;-0.093;-0.11;-0.105
-0.054;-0.012;-0.137;-0.132
-0.129;-0.166;-0.051;-0.11
-0.11;-0.315;-0.095;-0.103
-0.208;-0.049;-0.134;-0.139
-0.391;-0.117;-0.161;-0.063
-0.239;0.098;-0.042;0.032
0.149;-0.188;-0.061;-0.269
0.024;-0.061;-0.039;-0.281
-0.144;-0.171;-0.005;0.117
-0.427;0.005;-0.056;-0.002
-0.188;-0.088;-0.205;-0.156
0.142;-0.137;-0.117;-0.073
0.051;-0.32;0.122;-0.259
-0.063;-0.09;0.151;-0.161
-0.305;-0.01;-0.127;0.029
-0.19;-0.037;-0.286;-0.027
0.137;-0.247;-0.195;-0.19
0.361;-0.161;0.037;-0.186
0.029;-0.071;0.032;-0.171
-0.391;-0.178;-0.137;-0.129
-0.251;-0.088;-0.237;-0.051
0.142;0.012;-0.229;-0.081
0.029;0.095;-0.103;0.024
-0.205;-0.002;-0.056;-0.078
-0.125;-0.205;-0.139;-0.161
-0.017;-0.217;-0.239;-0.095
-0.305;-0.149;-0.239;-0.066
-0.4;0.017;-0.117;-0.247
-0.295;-0.059;-0.034;-0.071
-0.066;-0.137;-0.132;-0.156
-0.244;-0.015;-0.066;-0.173
-0.344;0.046;-0.076;-0.178
-0.105;-0.049;-0.01;-0.164
0.217;-0.027;-0.088;-0.071
0.005;-0.115;-0.154;-0.054
-0.188;-0.046;-0.156;-0.11
-0.212;-0.222;-0.125;-0.017
-0.061;-0.251;-0.127;-0.073
0.098;-0.327;-0.081;-0.105
0.002;-0.203;-0.127;-0.168
-0.103;-0.107;-0.132;-0.283
-0.146;-0.029;-0.068;-0.19
-0.168;-0.115;-0.146;-0.125
-0.073;-0.046;-0.247;-0.156
-0.02;-0.129;-0.212;-0.088
-0.203;-0.049;-0.117;-0.061
-0.225;-0.107;-0.024;-0.103
-0.127;-0.159;-0.034;-0.056
-0.107;-0.083;-0.112;-0.01
-0.134;0.139;-0.127;-0.11
-0.11;-0.015;-0.081;-0.198
0.01;-0.098;-0.044;-0.144
-0.117;-0.164;0.022;-0.11
-0.251;0.154;-0.039;-0.073
-0.151;-0.161;-0.139;-0.059
0.134;-0.291;-0.093;-0.098
0.034;-0.374;-0.017;-0.083
-0.242;-0.068;-0.061;-0.044
-0.317;-0.066;-0.146;-0.032
-0.044;-0.159;-0.198;-0.051
0.129;-0.308;-0.125;-0.085
0.134;-0.256;-0.049;-0.059
-0.105;-0.183;-0.129;-0.154
-0.271;-0.085;-0.09;-0.142
-0.193;-0.073;-0.122;-0.005
-0.125;-0.1;-0.134;-0.146
-0.247;-0.056;-0.139;-0.039
-0.295;0.024;-0.156;-0.088
-0.342;-0.134;-0.085;-0.105
-0.2;-0.291;-0.073;-0.068
-0.249;-0.063;-0.103;-0.049
-0.183;0.056;-0.176;-0.107
-0.225;-0.188;-0.071;-0.09
-0.042;-0.322;-0.073;-0.227
-0.09;-0.159;-0.071;-0.295
-0.2;-0.039;-0.137;-0.232
-0.146;-0.129;-0.156;-0.078
-0.078;-0.234;-0.159;-0.112
0.049;-0.359;-0.032;-0.117
-0.046;-0.186;-0.122;-0.115
-0.051;-0.137;-0.11;-0.032
-0.085;-0.117;-0.154;-0.117
0.027;-0.286;-0.144;-0.112
0.01;-0.149;-0.137;-0.071
-0.178;-0.1;-0.181;-0.066
-0.254;0.061;-0.142;-0.088
-0.195;-0.249;-0.063;-0.027
-0.31;-0.237;-0.105;-0.095
-0.117;0.037;-0.181;-0.068
-0.259;0.093;-0.176;-0.088
-0.125;-0.139;-0.225;-0.078
0.166;0.063;-0.232;-0.33
-0.002;-0.2;0.059;-0.203
-0.452;-0.154;-0.217;-0.247
-0.388;-0.261;-0.19;0.137
0.046;-0.32;-0.237;0.012
-0.083;-0.33;-0.012;-0.437
-0.437;-0.034;-0.037;-0.366
-0.171;0.203;-0.095;0.049
-0.056;-0.022;-0.256;-0.037
0.032;-0.325;-0.264;-0.127
0.286;-0.085;-0.083;-0.188
0.054;-0.283;0.032;-0.303
-0.31;-0.11;0.015;-0.007
-0.225;-0.134;-0.234;0.107
0.024;-0.232;-0.271;-0.139
-0.125;-0.132;-0.12;0.107
-0.283;0.059;0.007;-0.083
-0.361;-0.029;-0.005;-0.173
-0.303;-0.369;-0.149;-0.056
-0.144;-0.061;-0.161;-0.134
-0.227;0.01;-0.137;-0.19
-0.149;-0.154;0.039;-0.017
0.027;-0.222;-0.088;-0.125
0.022;-0.071;-0.085;-0.283
-0.129;0.029;-0.127;-0.154
-0.122;-0.09;-0.186;-0.112
0.071;-0.139;-0.159;-0.11
-0.029;-0.21;-0.142;-0.159
0.0;-0.339;-0.208;-0.195
-0.063;-0.225;-0.1;-0.044
-0.237;-0.161;-0.115;-0.183
-0.208;-0.205;-0.103;-0.168
0.015;-0.266;-0.046;-0.11
0.002;0.002;-0.061;-0.125
-0.322;-0.032;-0.085;-0.22
-0.276;0.085;-0.076;-0.071
0.015;-0.188;-0.149;-0.125
0.042;-0.132;-0.178;-0.127
-0.093;-0.154;-0.117;-0.078
-0.283;-0.198;-0.017;-0.012
-0.317;-0.19;-0.125;-0.059
-0.291;-0.085;-0.144;-0.029
-0.195;0.042;-0.139;-0.142
-0.061;-0.112;-0.061;-0.208
-0.034;-0.195;-0.1;-0.212
-0.12;-0.059;-0.059;-0.046
-0.352;-0.146;-0.139;-0.01
-0.208;-0.088;-0.098;-0.093
0.093;-0.098;-0.029;-0.076
-0.01;-0.156;-0.017;-0.159
-0.1;-0.21;-0.002;-0.081
-0.11;-0.022;-0.149;-0.029
-0.19;-0.125;-0.266;-0.107
-0.132;-0.037;-0.264;-0.056
-0.015;-0.139;-0.068;-0.12
-0.112;-0.039;0.024;-0.193
-0.344;-0.151;-0.078;-0.156
-0.322;0.034;-0.227;-0.005
-0.088;-0.247;-0.266;-0.027
0.051;-0.181;-0.122;0.042
-0.068;-0.11;-0.022;-0.056
-0.261;-0.137;-0.049;-0.215
-0.208;-0.188;-0.173;-0.076
-0.227;-0.125;-0.217;-0.107
-0.105;0.056;-0.186;-0.088
-0.088;-0.127;-0.142;-0.142
0.088;-0.256;-0.012;-0.281
-0.02;-0.256;-0.039;-0.286
-0.032;-0.181;-0.046;-0.12
-0.09;-0.066;-0.269;-0.117
-0.071;0.024;-0.222;-0.027
-0.032;-0.046;-0.129;-0.088
0.012;-0.159;-0.01;-0.183
0.002;-0.234;-0.054;-0.076
-0.11;-0.188;-0.203;-0.132
-0.151;-0.134;-0.178;-0.129
-0.173;-0.171;-0.125;-0.173
-0.286;-0.056;-0.063;-0.105
-0.227;-0.146;-0.088;-0.125
-0.264;-0.066;-0.068;-0.022
-0.078;-0.005;-0.159;-0.1
-0.073;0.042;-0.105;-0.073
-0.212;0.012;-0.139;-0.095
-0.305;-0.056;-0.095;-0.181
-0.063;-0.056;-0.127;-0.098
0.032;-0.178;-0.117;-0.151
-0.044;-0.247;-0.1;-0.139
-0.049;-0.139;-0.11;-0.193
-0.002;-0.212;-0.081;-0.11
-0.037;-0.225;-0.178;-0.186
-0.049;-0.149;-0.105;-0.037
-0.078;-0.061;-0.159;-0.039
-0.081;-0.093;-0.159;-0.095
-0.12;-0.1;-0.12;-0.081
-0.046;-0.256;-0.093;-0.151
-0.059;-0.137;-0.12;-0.085
-0.19;0.063;-0.173;-0.081
-0.288;-0.044;-0.151;-0.134
-0.125;-0.183;-0.146;-0.127
-0.144;0.022;-0.103;-0.081
-0.19;0.117;-0.144;-0.066
-0.115;-0.139;-0.107;-0.1
-0.063;-0.234;-0.032;-0.061
-0.139;-0.078;-0.044;-0.105
-0.249;-0.039;0.032;-0.002
-0.212;-0.127;-0.002;-0.071
-0.178;-0.208;-0.044;0.02
-0.015;-0.227;-0.129;-0.115
-0.083;-0.278;-0.117;-0.215
-0.032;-0.083;-0.049;-0.19
-0.02;-0.168;-0.039;-0.1
-0.071;-0.105;-0.1;-0.115
-0.032;-0.112;-0.168;-0.161
-0.063;-0.161;-0.127;-0.11
-0.117;-0.142;-0.056;-0.103
0.046;-0.288;-0.127;-0.088
-0.088;-0.159;-0.176;-0.142
-0.256;-0.051;-0.137;-0.063
-0.308;0.017;-0.156;-0.176
-0.22;-0.12;-0.076;-0.117
-0.278;-0.012;-0.164;-0.149
-0.195;-0.122;-0.125;-0.171
0.042;-0.317;-0.122;-0.188
0.051;-0.215;-0.093;-0.103
-0.31;0.024;-0.093;-0.122
-0.312;-0.044;-0.164;-0.149
-0.007;-0.186;-0.178;-0.11
0.022;-0.234;-0.161;-0.122
-0.295;-0.317;-0.039;-0.007
-0.122;-0.178;-0.146;-0.002
-0.005;-0.195;-0.186;-0.049
-0.154;-0.161;-0.195;-0.103
-0.337;-0.054;-0.117;-0.127
-0.164;0.037;-0.095;-0.19
-0.132;-0.1;-0.127;-0.044
-0.161;-0.251;-0.173;-0.01
0.076;-0.256;-0.093;-0.081
0.042;-0.066;-0.085;-0.049
-0.3;-0.022;-0.12;-0.088
-0.396;-0.173;-0.159;-0.107
-0.286;-0.205;-0.149;-0.144
-0.298;-0.2;-0.042;-0.095
-0.325;-0.193;-0.095;-0.046
-0.156;-0.144;-0.139;-0.1
0.027;-0.051;-0.132;-0.132
-0.159;-0.159;-0.049;-0.173
-0.178;-0.146;-0.068;-0.161
0.037;-0.054;-0.081;-0.073
0.076;-0.044;-0.11;-0.156
0.054;-0.105;-0.073;-0.225
0.112;-0.259;0.017;-0.19
-0.095;-0.049;-0.076;-0.081
-0.281;-0.139;-0.142;-0.002
-0.137;-0.227;-0.186;-0.186
-0.142;-0.288;-0.161;-0.137
-0.117;-0.088;-0.11;-0.1
-0.166;-0.112;-0.042;-0.129
0.027;-0.044;-0.146;-0.115
0.037;-0.051;-0.242;-0.142
-0.105;-0.195;-0.134;-0.022
-0.098;-0.232;-0.166;-0.159
-0.178;-0.083;-0.107;-0.154
-0.266;0.034;-0.146;-0.129
-0.271;-0.09;-0.154;-0.156
-0.046;-0.161;-0.127;-0.039
-0.144;-0.227;-0.122;-0.056
-0.19;0.059;-0.073;-0.076
-0.149;0.134;-0.127;-0.168
-0.093;0.024;-0.088;-0.081
-0.137;-0.134;-0.149;-0.161
-0.088;-0.066;-0.09;-0.024
0.005;-0.105;-0.117;-0.137
0.178;-0.107;-0.051;-0.073
0.083;-0.11;-0.078;-0.083
-0.229;0.034;-0.142;-0.051
-0.173;-0.039;-0.278;0.017
-0.081;-0.137;-0.276;-0.059
-0.032;-0.325;-0.115;-0.037
-0.183;-0.227;-0.051;-0.127
-0.215;-0.09;0.032;-0.066
-0.117;0.0;-0.161;-0.215
-0.129;-0.024;-0.168;-0.19
-0.107;-0.251;-0.127;-0.146
0.01;-0.208;-0.029;-0.029
-0.151;-0.229;-0.044;-0.068
-0.154;-0.212;-0.083;-0.127
-0.166;-0.142;-0.088;-0.083
-0.117;-0.039;-0.039;-0.159
-0.032;0.059;-0.024;-0.146
-0.007;-0.217;-0.144;-0.107
0.022;-0.276;-0.146;-0.129
0.085;-0.271;-0.115;-0.144
-0.081;-0.215;-0.093;-0.205
-0.112;-0.146;-0.081;-0.173
-0.151;-0.073;-0.115;-0.164
-0.073;-0.142;-0.159;-0.095
-0.042;-0.254;-0.137;-0.095
0.076;-0.107;-0.081;-0.044
-0.112;0.002;-0.154;-0.146
-0.171;0.154;-0.186;-0.146
-0.1;-0.12;-0.193;-0.159
-0.125;-0.139;-0.161;-0.1
-0.398;-0.088;-0.144;-0.156
-0.317;0.017;-0.151;-0.11
-0.164;-0.337;-0.176;-0.117
-0.046;-0.168;-0.125;-0.105
-0.049;-0.078;-0.12;-0.149
-0.078;0.01;-0.112;-0.125
-0.156;-0.208;-0.139;-0.168
-0.2;-0.144;-0.149;-0.105
-0.076;-0.129;-0.09;-0.146
0.078;-0.073;-0.081;-0.227
0.005;-0.066;-0.105;-0.156
-0.029;-0.078;-0.146;-0.085
-0.12;-0.095;-0.171;-0.073
-0.088;-0.2;-0.149;-0.103
-0.061;-0.149;-0.081;-0.154
-0.054;-0.339;-0.066;-0.144
0.007;-0.115;-0.171;-0.076
-0.11;-0.081;-0.154;-0.029
-0.081;-0.017;-0.095;-0.078
-0.071;-0.164;-0.093;-0.095
-0.161;-0.002;-0.056;-0.117
-0.303;-0.046;-0.054;-0.159
-0.168;-0.059;-0.063;-0.12
-0.063;-0.017;-0.039;-0.098
-0.002;-0.188;0.007;-0.012
-0.039;-0.063;-0.051;-0.125
-0.049;-0.203;-0.051;-0.144
-0.044;-0.234;-0.139;-0.066
-0.042;-0.303;-0.127;-0.059
-0.007;-0.044;-0.151;-0.171
0.002;-0.173;-0.059;-0.249
-0.066;-0.266;-0.022;-0.171
-0.061;-0.144;-0.081;-0.105
0.027;-0.12;-0.12;-0.093
0.083;-0.105;-0.159;-0.042
-0.061;-0.09;-0.129;-0.186
-0.21;0.095;-0.168;-0.12
-0.273;-0.068;-0.127;-0.066
-0.205;-0.188;-0.122;-0.078
-0.276;-0.283;-0.134;-0.068
-0.168;-0.149;-0.095;-0.107
-0.198;-0.134;-0.127;-0.125
-0.22;-0.22;-0.066;-0.156
-0.078;-0.295;-0.11;-0.159
-0.149;-0.239;-0.078;-0.166
-0.217;-0.215;-0.142;-0.103
-0.132;-0.205;-0.081;-0.151
-0.061;-0.129;-0.142;-0.085
-0.076;-0.139;-0.166;-0.01
-0.125;-0.054;-0.129;-0.112
-0.105;-0.063;-0.142;-0.129
0.007;-0.195;-0.156;-0.159
-0.005;-0.129;-0.21;-0.098
0.005;-0.156;-0.249;-0.059
0.032;-0.149;-0.2;-0.112
-0.161;-0.078;-0.1;-0.215
-0.249;-0.076;-0.12;-0.09
-0.254;-0.037;-0.19;-0.054
-0.217;-0.137;-0.225;-0.098
-0.271;0.103;-0.134;-0.12
-0.229;-0.034;-0.115;-0.098
-0.188;-0.015;-0.093;-0.049
-0.139;-0.151;-0.071;-0.1
-0.271;-0.103;-0.164;-0.21
-0.308;-0.066;-0.002;0.042
-0.273;-0.1;-0.195;-0.059
-0.066;-0.134;-0.149;-0.142
0.007;-0.405;-0.093;-0.117
0.066;-0.286;0.007;-0.22
-0.117;-0.083;-0.024;-0.264
-0.234;-0.039;-0.159;-0.044
-0.2;-0.098;-0.225;-0.127
-0.12;-0.217;-0.115;-0.215
0.005;-0.227;0.046;-0.193
-0.176;-0.21;-0.078;-0.188
-0.352;-0.029;-0.146;-0.034
-0.327;-0.059;-0.217;0.02
-0.205;-0.173;-0.181;-0.107
-0.122;0.0;-0.042;-0.081
-0.21;0.1;-0.034;-0.076
-0.217;0.039;-0.127;-0.132
-0.095;-0.146;-0.203;-0.115
-0.227;-0.078;-0.117;-0.161
-0.232;-0.159;-0.073;-0.21
-0.09;-0.027;-0.042;-0.098
-0.01;-0.127;-0.166;-0.181
-0.183;-0.051;-0.11;-0.159
-0.239;-0.178;-0.095;-0.144
-0.098;-0.198;-0.098;-0.188
0.056;-0.183;-0.137;-0.129
-0.063;-0.21;-0.181;-0.015
-0.173;-0.103;-0.188;-0.083
-0.129;0.039;-0.149;-0.059
-0.142;-0.093;-0.186;-0.024
-0.042;-0.039;-0.215;-0.125
-0.01;0.056;-0.098;-0.156
-0.144;0.022;-0.117;-0.198
-0.283;-0.066;-0.129;-0.159
-0.3;0.054;-0.198;-0.049
-0.227;-0.178;-0.164;-0.01
-0.234;-0.146;-0.151;-0.051
-0.178;-0.222;-0.171;-0.032
-0.247;-0.027;-0.085;-0.144
-0.156;-0.208;-0.107;-0.137
-0.085;-0.188;-0.1;-0.188
-0.054;-0.352;-0.161;-0.127
-0.046;-0.173;-0.078;-0.151
-0.129;0.002;0.02;-0.071
-0.132;-0.212;-0.095;-0.098
-0.007;-0.117;-0.073;-0.095
0.01;-0.076;-0.142;-0.024
-0.146;-0.012;-0.195;-0.122
-0.049;-0.029;-0.088;-0.095
-0.095;-0.022;-0.029;-0.056
-0.068;-0.059;-0.105;-0.037
-0.015;-0.049;-0.098;0.051
-0.237;-0.129;-0.161;0.071
-0.171;-0.137;-0.181;-0.159
-0.117;-0.093;-0.076;-0.22
-0.168;-0.078;-0.103;-0.142
-0.264;0.02;-0.046;-0.159
-0.244;-0.139;-0.034;-0.081
-0.076;-0.251;-0.09;-0.042
0.037;-0.193;-0.061;-0.071
-0.193;-0.222;-0.02;-0.176
-0.095;0.042;-0.093;-0.107
-0.037;-0.076;-0.105;-0.146
-0.237;-0.132;-0.022;-0.078
-0.073;-0.205;-0.083;-0.09
-0.098;-0.117;-0.12;-0.027
-0.12;-0.203;-0.115;-0.134
-0.098;-0.232;-0.154;-0.154
-0.027;-0.168;-0.134;-0.21
-0.037;0.012;-0.081;-0.059
-0.293;-0.142;-0.217;-0.115
-0.266;-0.01;-0.122;-0.078
-0.1;-0.132;-0.156;-0.127
-0.195;0.059;-0.029;-0.024
-0.107;-0.068;-0.159;-0.081
-0.12;-0.095;-0.176;-0.066
0.002;-0.078;-0.19;-0.112
-0.288;-0.073;-0.129;-0.027
-0.381;-0.127;-0.056;-0.117
-0.261;-0.193;-0.071;-0.149
-0.073;-0.112;-0.103;-0.139
-0.134;-0.161;-0.132;-0.156
-0.137;-0.044;-0.093;-0.083
-0.005;-0.205;-0.083;-0.071
-0.085;-0.234;-0.029;-0.193
-0.068;-0.229;-0.098;-0.107
-0.203;-0.186;-0.164;-0.127
0.046;-0.09;-0.122;-0.112
0.129;0.024;-0.125;-0.173
0.095;-0.117;-0.134;-0.176
0.046;-0.249;-0.142;-0.112
0.037;-0.215;-0.037;-0.139
-0.198;-0.117;-0.098;-0.144
-0.244;-0.056;-0.139;-0.127
-0.242;-0.125;-0.046;-0.09
-0.171;-0.076;-0.039;-0.181
-0.146;0.02;-0.1;-0.166
-0.034;-0.205;-0.149;-0.022
0.039;-0.115;-0.178;-0.139
-0.215;-0.078;-0.1;-0.107
-0.264;-0.061;-0.093;-0.129
0.017;-0.2;-0.095;-0.105
-0.1;-0.093;-0.049;-0.159
-0.249;-0.215;-0.063;-0.068
-0.122;-0.117;-0.093;-0.081
0.039;-0.051;-0.076;-0.088
0.022;-0.151;-0.071;-0.146
-0.107;-0.225;-0.056;-0.156
-0.176;-0.171;-0.081;0.002
-0.107;-0.232;-0.144;-0.039
-0.181;-0.139;-0.181;-0.142
-0.168;-0.027;-0.161;-0.066
-0.134;-0.098;-0.125;-0.117
-0.264;0.012;-0.073;-0.161
-0.371;-0.11;-0.024;-0.115
-0.059;-0.234;-0.078;-0.046
0.068;-0.12;-0.105;-0.088
-0.125;-0.076;-0.132;-0.12
-0.247;0.027;-0.09;-0.139
-0.132;-0.01;-0.029;-0.173
-0.107;-0.09;-0.051;-0.093
-0.085;-0.2;-0.154;-0.027
-0.188;-0.142;-0.149;-0.117
-0.095;-0.12;-0.1;-0.237
-0.054;-0.037;-0.01;-0.173
0.02;-0.229;-0.02;-0.071
0.024;-0.229;-0.195;-0.088
0.12;-0.186;-0.205;-0.071
-0.071;-0.112;-0.173;-0.151
-0.098;-0.105;-0.039;-0.159
0.112;-0.073;-0.032;-0.151
0.007;-0.095;-0.144;-0.1
-0.107;-0.127;-0.208;-0.02
-0.103;-0.085;-0.188;-0.063
-0.088;0.037;-0.005;-0.137
-0.076;-0.037;0.012;-0.134
-0.078;-0.112;-0.09;-0.002
-0.017;0.054;-0.195;-0.027
-0.215;-0.049;-0.078;-0.132
-0.312;-0.125;0.012;-0.151
-0.112;-0.122;0.024;-0.183
-0.081;0.017;-0.122;-0.034
-0.215;0.007;-0.105;-0.066
-0.247;0.137;-0.044;-0.1
-0.195;-0.093;-0.051;-0.063
-0.088;-0.11;-0.11;-0.1
0.027;-0.022;-0.132;-0.103
0.149;-0.234;-0.198;-0.12
-0.039;-0.112;-0.2;-0.083
-0.22;0.049;-0.139;-0.068
-0.247;-0.015;-0.156;-0.103
-0.247;-0.21;-0.168;-0.134
-0.181;-0.21;-0.117;0.007
-0.168;-0.093;-0.146;-0.085
-0.095;-0.078;-0.066;-0.115
0.083;-0.256;-0.088;-0.005
-0.073;-0.073;-0.171;-0.056
-0.225;0.132;-0.2;-0.051
-0.283;-0.066;-0.151;-0.151
-0.027;-0.161;-0.12;-0.129
-0.295;-0.178;-0.081;-0.127
-0.3;-0.027;-0.095;-0.129
-0.12;-0.188;-0.173;-0.09
-0.039;-0.31;-0.173;-0.115
-0.19;-0.217;-0.039;-0.105
-0.173;-0.002;-0.051;-0.125
-0.132;-0.081;-0.071;-0.181
0.007;-0.063;-0.144;-0.149
0.112;-0.105;-0.181;-0.142
0.037;-0.21;-0.149;-0.159
-0.103;-0.161;-0.117;-0.227
-0.183;-0.171;-0.037;-0.164
-0.056;-0.264;-0.1;-0.193
-0.037;-0.125;-0.159;-0.132
-0.134;-0.022;-0.142;-0.09
-0.171;-0.193;-0.103;-0.046
-0.039;-0.276;-0.12;-0.09
-0.066;-0.149;-0.173;-0.022
-0.137;0.01;-0.183;-0.107
-0.01;0.005;-0.083;-0.039
-0.071;-0.083;-0.103;-0.176
-0.232;-0.085;-0.1;-0.173
-0.276;-0.283;-0.117;-0.183
-0.068;-0.081;-0.117;-0.095
0.029;-0.244;-0.142;-0.107
-0.042;-0.188;-0.098;-0.093
-0.188;0.032;-0.073;-0.115
-0.107;-0.129;-0.115;-0.076
-0.1;-0.098;-0.129;-0.066
-0.071;-0.046;-0.083;-0.115
0.015;-0.083;-0.037;-0.146
-0.042;-0.105;-0.068;-0.134
-0.222;-0.066;-0.181;-0.107
-0.151;-0.02;-0.132;-0.127
0.073;-0.132;-0.103;-0.098
0.12;-0.105;-0.112;-0.103
-0.034;-0.007;-0.137;-0.037
-0.024;-0.073;-0.212;-0.051
0.01;-0.312;-0.142;-0.11
0.09;-0.359;-0.107;-0.039
-0.066;-0.046;-0.129;-0.183
0.029;-0.112;-0.132;-0.115
0.125;-0.229;-0.059;-0.154
-0.068;0.007;0.0;-0.181
-0.344;0.066;-0.078;-0.129
-0.193;-0.144;-0.1;-0.125
-0.042;-0.225;-0.093;-0.115
-0.156;-0.295;-0.034;-0.137
-0.186;-0.352;-0.032;-0.132
-0.225;-0.142;-0.071;-0.085
-0.166;0.071;-0.161;-0.066
-0.029;0.007;-0.098;-0.051
0.093;-0.09;-0.066;0.046
0.117;-0.134;-0.127;-0.1
0.002;-0.095;-0.161;-0.1
-0.132;-0.078;-0.127;-0.154
-0.034;-0.312;-0.081;-0.256
0.002;0.051;-0.09;-0.139
-0.217;0.017;-0.139;-0.198
-0.078;-0.005;-0.005;0.056
-0.098;-0.19;-0.161;-0.159
-0.134;-0.188;-0.063;-0.247
0.01;-0.156;-0.159;-0.212
-0.156;0.085;-0.249;0.134
-0.205;-0.02;-0.156;-0.112
-0.293;0.151;0.085;0.415
-0.176;0.046;-0.132;-0.271
-0.083;-0.081;-0.049;0.076
-0.127;-0.21;-0.398;-0.037
-0.083;-0.029;-0.066;-0.447
-0.156;-0.164;-0.149;-0.159
0.054;-0.166;-0.022;-0.203
-0.061;-0.107;-0.095;-0.029
0.022;-0.171;-0.225;0.127
0.066;-0.161;-0.32;0.044
-0.037;-0.132;-0.156;-0.432
-0.12;-0.024;0.161;0.12
-0.134;-0.039;-0.408;-0.264
-0.071;-0.134;-0.186;-0.107
-0.103;-0.068;-0.232;-0.195
-0.251;0.068;0.154;0.09
-0.168;-0.044;-0.015;-0.137
0.085;-0.027;0.068;0.132
-0.02;-0.073;-0.32;-0.371
-0.129;-0.076;-0.154;0.022
-0.222;-0.088;-0.186;-0.269
-0.181;-0.054;0.071;-0.32
-0.166;-0.103;0.076;-0.154
-0.183;-0.217;-0.024;0.188
-0.115;-0.137;-0.2;-0.198
-0.054;-0.212;-0.081;0.12
0.022;-0.125;-0.159;-0.381
0.127;-0.183;0.051;-0.271
0.022;-0.093;-0.002;-0.374
-0.085;-0.164;-0.002;-0.225
-0.015;-0.046;-0.183;-0.161
0.034;-0.132;0.007;0.276
-0.078;-0.078;-0.295;-0.164
-0.181;-0.193;-0.029;0.2
-0.422;-0.125;-0.229;-0.034
-0.254;-0.088;0.017;-0.115
-0.042;-0.154;-0.271;-0.271
0.117;0.02;0.017;0.071
-0.066;-0.032;-0.227;-0.281
-0.283;-0.154;0.059;-0.076
-0.295;-0.173;-0.068;-0.193
-0.259;-0.054;-0.142;-0.391
-0.266;-0.022;-0.09;-0.144
-0.117;-0.203;-0.259;-0.156
0.144;-0.078;-0.083;-0.139
-0.09;-0.176;-0.134;-0.127
-0.188;-0.076;-0.19;0.039
-0.193;-0.234;-0.298;0.293
-0.054;-0.088;-0.317;-0.085
-0.02;-0.173;-0.083;-0.161
-0.12;-0.046;-0.056;-0.371
-0.166;-0.015;0.029;-0.093
-0.208;-0.112;-0.156;-0.281
-0.139;-0.125;-0.139;0.007
-0.11;-0.137;-0.198;-0.208
-0.212;-0.093;-0.024;-0.293
-0.183;-0.1;-0.127;-0.195
-0.156;-0.063;-0.132;-0.105
-0.044;-0.127;-0.161;-0.12
-0.176;-0.078;-0.044;0.125
-0.22;-0.063;-0.007;-0.183
-0.237;-0.078;-0.078;-0.132
-0.068;-0.071;-0.261;-0.012
-0.132;-0.349;-0.31;-0.081
-0.222;-0.295;-0.078;-0.332
-0.176;-0.098;0.044;-0.229
0.037;-0.205;-0.024;-0.266
0.037;-0.229;-0.112;-0.078
-0.059;-0.078;-0.256;-0.095
-0.078;0.022;-0.188;-0.132
-0.017;-0.081;-0.085;-0.188
-0.059;-0.181;-0.049;-0.107
-0.129;0.002;-0.066;-0.281
-0.112;-0.073;-0.105;-0.295
-0.051;-0.039;-0.085;-0.066
-0.081;-0.066;-0.225;-0.176
-0.078;-0.195;-0.12;-0.076
-0.117;-0.12;-0.059;-0.081
-0.134;-0.22;-0.005;-0.029
-0.249;-0.024;-0.02;0.005
-0.2;-0.115;0.051;0.134
-0.093;-0.137;-0.098;-0.171
-0.134;-0.161;-0.105;-0.132
-0.256;-0.132;-0.186;-0.049
-0.166;-0.066;-0.015;-0.139
-0.005;-0.203;-0.107;-0.107
0.034;-0.11;-0.168;-0.11
0.037;-0.024;-0.249;-0.098
0.073;0.063;-0.095;-0.088
-0.02;-0.134;0.081;-0.039
-0.122;-0.076;-0.046;-0.049
-0.032;-0.205;-0.171;-0.081
-0.034;-0.044;-0.149;-0.1
-0.127;-0.1;-0.076;-0.095
-0.176;-0.056;-0.186;-0.066
-0.134;-0.095;-0.098;-0.095
-0.166;-0.002;-0.071;-0.132
-0.22;-0.142;-0.103;-0.11
-0.063;-0.063;-0.212;-0.105
-0.195;-0.132;-0.164;-0.076
-0.237;-0.056;-0.178;-0.11
-0.208;-0.105;-0.115;-0.159
-0.103;-0.01;-0.139;-0.061
-0.002;-0.173;-0.146;-0.125
-0.132;0.078;0.022;-0.266
-0.11;0.007;-0.115;-0.168
-0.063;-0.127;-0.12;-0.146
-0.059;-0.222;-0.203;-0.283
-0.085;-0.1;-0.173;-0.156
-0.09;-0.149;-0.288;-0.212
-0.027;-0.212;-0.164;-0.144
-0.027;-0.046;-0.022;-0.076
-0.107;-0.09;-0.107;-0.11
-0.117;-0.112;-0.09;-0.088
-0.063;-0.046;-0.09;-0.059
-0.242;-0.115;-0.095;-0.161
-0.205;-0.061;-0.129;-0.1
-0.095;-0.203;-0.208;-0.071
-0.02;-0.051;-0.151;-0.029
-0.1;-0.098;-0.139;0.002
-0.266;-0.005;-0.105;-0.107
-0.144;-0.029;-0.037;-0.117
-0.063;-0.134;-0.034;-0.054
-0.071;-0.073;-0.078;-0.132
-0.178;-0.139;-0.01;-0.083
0.029;0.095;-0.037;-0.032
0.044;-0.195;0.002;-0.1
0.063;-0.2;-0.112;-0.095
-0.203;-0.171;-0.007;-0.01
-0.237;-0.073;-0.149;-0.046
-0.166;-0.183;-0.117;-0.115
-0.166;-0.215;0.042;-0.151
-0.083;-0.286;-0.034;-0.3
-0.129;-0.042;0.042;-0.144
-0.222;0.051;-0.068;0.068
-0.168;-0.083;-0.076;0.0
-0.095;-0.156;-0.161;-0.068
-0.039;-0.161;-0.115;-0.002
-0.193;-0.303;-0.083;-0.134
-0.281;-0.208;-0.12;-0.095
-0.264;-0.173;-0.168;-0.186
-0.156;-0.027;-0.098;-0.176
-0.21;-0.032;-0.093;-0.137
-0.281;0.024;-0.134;-0.076
-0.09;-0.024;-0.071;-0.239
0.107;-0.239;-0.005;-0.212
-0.068;-0.242;-0.054;-0.3
-0.076;-0.112;-0.103;-0.168
-0.037;-0.095;-0.154;-0.078
0.037;-0.249;-0.146;-0.012
-0.166;-0.254;0.01;-0.156
-0.254;-0.132;-0.044;-0.046
-0.049;-0.237;-0.198;-0.037
0.061;-0.139;-0.103;0.007
-0.029;-0.139;-0.156;-0.032
-0.142;-0.01;-0.21;-0.154
-0.178;0.09;-0.242;-0.181
-0.176;0.254;-0.137;-0.193
-0.156;-0.032;-0.042;-0.217
-0.122;0.066;-0.068;-0.171
-0.2;-0.19;-0.105;-0.154
-0.254;-0.081;-0.146;-0.105
-0.305;-0.042;-0.054;-0.027
-0.205;-0.022;-0.134;-0.039
-0.154;-0.081;-0.029;-0.063
-0.029;-0.159;-0.027;0.046
0.039;-0.225;-0.081;0.022
-0.042;-0.146;-0.159;0.034
-0.11;-0.303;-0.171;-0.183
-0.156;-0.281;0.01;-0.217
-0.032;-0.332;0.022;-0.115
-0.046;-0.142;-0.144;-0.017
-0.195;0.032;-0.332;-0.066
-0.078;0.012;-0.212;-0.044
0.054;-0.129;0.002;-0.063
-0.061;-0.129;0.09;-0.083
-0.256;-0.09;-0.134;-0.037
-0.269;-0.142;-0.305;0.056
-0.225;-0.151;-0.193;0.12
-0.278;-0.017;-0.015;-0.222
-0.088;-0.159;-0.015;-0.12
-0.044;-0.161;-0.125;-0.054
-0.227;-0.261;-0.195;-0.059
-0.273;-0.078;-0.261;-0.105
-0.071;-0.183;-0.081;-0.183
0.024;-0.227;-0.071;-0.144
-0.051;-0.188;-0.088;-0.139
-0.144;-0.237;-0.139;-0.22
-0.21;-0.33;-0.11;-0.239
-0.098;-0.244;-0.005;-0.164
-0.056;-0.122;0.071;-0.173
-0.095;-0.21;-0.081;-0.239
-0.081;-0.183;-0.225;-0.273
-0.095;-0.242;-0.217;-0.195
-0.132;-0.186;-0.144;-0.081
-0.164;-0.161;-0.12;-0.117
-0.107;-0.129;-0.178;-0.125
-0.173;-0.046;-0.093;-0.044
-0.232;-0.137;-0.137;0.071
-0.222;-0.129;-0.1;0.076
-0.193;-0.083;-0.049;0.024
-0.22;-0.168;-0.059;-0.176
-0.154;-0.02;-0.051;-0.293
-0.095;-0.129;-0.039;-0.295
-0.132;-0.044;-0.027;-0.122
-0.164;-0.142;-0.122;-0.154
-0.107;-0.205;-0.11;-0.024
-0.129;0.01;-0.137;-0.061
-0.151;-0.127;-0.127;0.037
-0.127;-0.066;-0.146;0.042
-0.217;-0.122;-0.161;-0.085
-0.149;-0.049;-0.098;-0.105
-0.149;-0.115;-0.059;-0.139
0.039;-0.2;-0.146;-0.122
0.068;-0.249;-0.229;-0.093
-0.137;-0.164;-0.19;-0.181
-0.381;0.012;-0.007;-0.249
-0.364;-0.078;0.042;-0.117
-0.195;-0.117;-0.107;-0.125
-0.115;-0.168;-0.164;-0.132
-0.112;-0.081;-0.1;-0.051
-0.217;-0.127;-0.1;-0.076
-0.266;-0.042;-0.066;-0.015
-0.276;-0.217;-0.161;-0.017
-0.137;-0.305;-0.139;-0.081
-0.037;-0.166;-0.161;-0.095
0.076;-0.078;-0.115;-0.107
0.007;-0.085;-0.129;-0.146
-0.007;-0.046;-0.054;-0.212
-0.066;-0.027;-0.037;-0.273
-0.112;-0.039;-0.039;-0.203
-0.085;-0.159;-0.083;-0.164
-0.129;-0.176;-0.134;-0.024
-0.215;-0.232;-0.154;0.022
-0.239;-0.105;-0.144;-0.112
-0.159;-0.281;-0.061;-0.066
-0.078;-0.037;-0.076;-0.093
-0.193;-0.188;-0.115;0.049
-0.203;-0.066;-0.237;0.051
-0.122;-0.107;-0.144;0.0
-0.139;-0.166;-0.032;-0.076
-0.166;-0.261;0.046;-0.227
-0.146;-0.159;-0.01;-0.215
-0.217;-0.081;-0.12;-0.11
-0.222;-0.078;-0.117;-0.115
-0.181;-0.2;-0.134;-0.161
-0.227;-0.125;-0.137;-0.129
-0.105;-0.085;-0.171;-0.178
-0.049;-0.002;-0.107;-0.107
-0.022;-0.247;-0.188;-0.083
0.024;-0.19;-0.186;-0.12
-0.151;-0.195;-0.059;-0.112
-0.112;-0.127;0.0;-0.173
-0.056;-0.264;-0.068;-0.149
-0.056;-0.234;-0.229;-0.2
0.017;-0.176;-0.142;-0.322
0.046;-0.215;-0.144;-0.354
-0.093;-0.125;-0.2;-0.11
-0.178;-0.073;-0.266;-0.09
-0.178;0.02;-0.225;-0.063
-0.115;-0.154;-0.122;-0.146
-0.149;-0.02;-0.132;-0.132
-0.073;0.051;-0.215;-0.061
-0.107;-0.154;-0.144;-0.081
-0.156;-0.02;-0.012;-0.151
-0.288;-0.125;-0.042;-0.288
-0.225;-0.134;-0.022;-0.22
0.027;-0.061;-0.159;-0.171
-0.227;-0.154;-0.156;-0.095
-0.229;-0.002;-0.144;-0.002
-0.181;-0.078;-0.117;-0.068
-0.034;-0.178;-0.1;-0.059
0.039;-0.293;-0.093;-0.066
-0.063;-0.12;-0.093;-0.115
-0.22;0.017;-0.173;-0.115
-0.186;0.0;-0.093;-0.176
-0.159;-0.105;-0.095;-0.242
0.1;-0.051;-0.1;-0.151
-0.037;-0.056;-0.205;-0.234
-0.271;-0.227;-0.176;-0.042
-0.237;-0.193;-0.144;-0.051
-0.291;-0.181;-0.186;-0.088
-0.254;-0.007;-0.132;-0.129
-0.188;0.095;-0.2;-0.078
-0.063;-0.193;-0.061;-0.142
0.005;-0.234;-0.02;-0.166
-0.139;-0.222;-0.098;-0.239
-0.251;0.054;-0.229;-0.156
-0.168;-0.166;-0.127;-0.115
-0.083;-0.205;-0.046;-0.19
-0.037;-0.295;0.002;-0.134
-0.068;-0.227;-0.068;-0.1
-0.149;-0.269;-0.193;-0.063
-0.122;-0.178;-0.198;-0.144
-0.276;-0.022;-0.154;-0.142
-0.337;-0.027;-0.083;-0.193
-0.093;-0.071;-0.151;-0.156
0.051;-0.225;-0.205;-0.049
0.015;-0.266;-0.239;-0.105
-0.203;0.105;-0.032;-0.083
-0.264;0.037;-0.02;-0.081
-0.242;0.005;-0.132;0.007
-0.166;-0.137;-0.186;0.002
-0.22;-0.176;-0.166;-0.029
-0.168;-0.171;-0.085;-0.132
-0.164;-0.186;-0.107;-0.186
-0.078;-0.132;-0.098;-0.249
-0.125;-0.256;-0.173;-0.232
-0.146;-0.132;-0.183;-0.095
-0.159;0.0;-0.076;-0.1
-0.068;-0.078;-0.098;-0.261
0.066;-0.264;-0.063;-0.115
0.168;-0.242;-0.159;-0.039
-0.232;-0.127;-0.142;-0.015
-0.349;-0.083;-0.181;-0.056
-0.083;-0.129;-0.125;-0.061
-0.007;-0.217;-0.076;-0.095
-0.203;-0.242;-0.061;-0.12
-0.222;-0.1;-0.195;-0.132
-0.176;-0.2;-0.171;-0.2
-0.139;-0.303;-0.19;-0.205
-0.073;-0.115;-0.161;-0.205
-0.21;-0.02;-0.12;-0.095
-0.178;0.005;-0.139;-0.073
-0.034;-0.083;-0.117;-0.183
0.0;-0.332;-0.146;-0.173
-0.193;-0.242;-0.117;-0.076
-0.388;-0.073;-0.107;0.017
-0.264;-0.215;-0.061;-0.039
0.059;-0.256;-0.139;-0.142
-0.039;-0.09;-0.144;-0.227
-0.088;-0.078;-0.059;-0.09
0.015;-0.139;-0.222;-0.073
-0.039;-0.251;-0.2;-0.105
-0.186;-0.137;-0.11;-0.107
-0.266;-0.283;-0.042;-0.044
-0.149;-0.137;-0.083;-0.149
-0.166;-0.276;-0.12;-0.005
-0.276;-0.068;-0.19;-0.093
-0.217;-0.193;-0.146;-0.122
-0.273;-0.09;-0.049;-0.188
-0.288;-0.022;-0.056;-0.183
-0.183;-0.205;-0.093;-0.088
-0.095;-0.107;-0.193;-0.093
-0.11;0.122;-0.166;-0.024
-0.22;0.037;-0.232;-0.132
-0.117;0.032;-0.02;-0.059
-0.237;-0.149;-0.076;-0.115
-0.261;-0.256;-0.166;-0.146
-0.085;-0.347;-0.166;-0.137
0.132;-0.269;-0.125;-0.171
0.005;-0.273;-0.125;-0.22
-0.002;-0.361;-0.142;-0.251
0.005;-0.122;-0.12;-0.203
-0.093;-0.054;-0.215;-0.227
-0.088;-0.022;-0.181;-0.149
-0.046;-0.244;-0.22;-0.183
-0.12;-0.242;-0.142;-0.112
-0.281;-0.132;-0.1;-0.049
-0.112;-0.095;-0.09;0.0
-0.176;-0.032;-0.159;-0.127
-0.176;-0.012;-0.181;-0.181
-0.117;0.027;-0.073;-0.054
-0.078;-0.195;-0.112;-0.027
-0.161;0.071;-0.129;-0.029
-0.239;-0.01;-0.107;-0.122
-0.046;-0.017;0.02;-0.232
-0.02;-0.073;-0.071;-0.205
-0.098;-0.002;-0.127;-0.068
-0.054;-0.027;-0.117;-0.056
-0.093;-0.193;-0.066;-0.159
-0.125;-0.273;-0.042;-0.061
-0.19;-0.132;-0.105;0.042
-0.078;-0.098;-0.173;-0.007
0.073;-0.139;-0.183;-0.098
-0.076;-0.283;-0.11;-0.081
-0.266;-0.049;-0.19;-0.09
-0.176;-0.042;-0.237;-0.081
-0.117;-0.161;-0.208;-0.093
0.012;-0.137;-0.137;-0.159
-0.046;-0.034;0.005;-0.115
-0.093;-0.051;-0.049;-0.117
-0.242;-0.09;-0.034;-0.056
-0.205;-0.039;-0.154;-0.076
-0.168;-0.076;-0.122;-0.22
-0.134;-0.2;-0.042;-0.229
0.005;-0.142;-0.093;-0.144
-0.02;-0.044;-0.205;-0.229
-0.032;-0.103;-0.166;-0.107
-0.042;-0.271;-0.112;-0.22
-0.168;-0.273;-0.015;-0.203
-0.132;-0.266;-0.051;-0.149
-0.193;-0.212;-0.154;-0.129
0.059;-0.366;-0.2;-0.098
0.156;-0.19;-0.217;-0.088
-0.034;-0.183;-0.168;-0.139
-0.093;-0.176;-0.227;-0.178
-0.164;-0.232;-0.251;-0.154
-0.227;-0.085;-0.227;-0.098
-0.046;-0.059;-0.195;-0.139
-0.015;0.032;-0.159;-0.137
-0.168;-0.115;-0.159;-0.144
-0.31;-0.295;-0.112;-0.022
-0.315;-0.139;-0.115;-0.085
-0.33;-0.046;-0.051;-0.103
-0.156;0.039;-0.103;-0.132
-0.02;-0.039;-0.095;-0.049
-0.156;-0.146;-0.176;-0.076
-0.349;-0.044;-0.212;-0.09
-0.344;-0.151;-0.093;-0.125
-0.232;-0.239;-0.078;-0.208
-0.098;-0.288;-0.029;-0.212
-0.073;-0.12;-0.154;-0.1
-0.083;-0.22;-0.146;-0.181
0.112;-0.142;-0.115;-0.193
-0.081;-0.115;-0.046;-0.154
-0.227;-0.198;-0.129;-0.056
-0.088;-0.095;-0.247;-0.137
0.017;-0.088;-0.229;-0.093
-0.039;-0.01;-0.156;-0.017
-0.117;-0.042;-0.054;-0.005
-0.178;-0.068;-0.1;-0.056
-0.2;0.029;-0.166;-0.073
-0.171;-0.042;-0.156;-0.085
-0.059;-0.156;-0.042;-0.168
-0.112;-0.154;-0.09;-0.173
-0.142;-0.12;-0.137;-0.122
-0.002;-0.088;-0.215;-0.146
-0.024;-0.146;-0.137;-0.176
-0.281;-0.161;-0.027;-0.068
-0.181;-0.122;-0.11;-0.017
-0.154;-0.042;-0.225;-0.12
-0.144;-0.183;-0.222;-0.139
-0.125;-0.249;-0.127;-0.164
-0.02;-0.234;-0.125;-0.251
-0.002;-0.273;-0.232;-0.161
-0.12;-0.247;-0.293;-0.034
-0.156;-0.081;-0.188;-0.127
-0.264;-0.029;-0.156;-0.183
-0.232;-0.205;-0.1;-0.156
-0.071;-0.129;-0.1;-0.154
-0.107;-0.098;-0.125;0.0
-0.127;-0.181;-0.181;-0.093
-0.205;-0.01;-0.125;-0.173
-0.232;-0.039;-0.049;-0.161
-0.176;-0.068;-0.071;-0.159
-0.161;-0.159;-0.129;-0.081
-0.166;-0.166;-0.205;-0.139
-0.227;-0.195;-0.027;-0.112
-0.337;-0.173;-0.085;-0.085
-0.032;-0.144;-0.156;-0.066
0.042;-0.205;-0.256;-0.122
-0.095;-0.1;-0.125;-0.168
-0.037;-0.122;-0.049;-0.254
0.015;-0.017;-0.034;-0.142
-0.129;-0.173;-0.142;-0.12
-0.027;-0.195;-0.144;-0.093
0.039;-0.208;-0.156;-0.012
-0.02;-0.229;-0.042;-0.217
-0.291;-0.234;-0.068;-0.198
-0.195;-0.315;-0.151;-0.205
-0.171;-0.107;-0.269;-0.059
-0.259;-0.151;-0.217;-0.129
-0.242;0.059;-0.105;-0.227
-0.283;-0.049;-0.046;-0.271
-0.298;-0.078;-0.09;-0.042
-0.273;-0.139;-0.159;-0.002
-0.061;-0.095;-0.149;-0.149
-0.115;-0.137;-0.071;-0.205
-0.212;-0.178;-0.032;-0.21
-0.266;-0.068;-0.076;-0.212
-0.273;-0.139;-0.205;-0.122
-0.161;-0.12;-0.273;-0.083
0.093;-0.249;-0.176;-0.154
0.132;-0.117;-0.156;-0.093
-0.049;0.005;-0.195;-0.09
-0.256;-0.132;-0.195;-0.122
-0.168;-0.073;-0.146;-0.125
-0.034;-0.127;-0.159;-0.142
0.012;-0.305;-0.129;-0.2
-0.015;-0.195;-0.107;-0.039
-0.093;-0.061;-0.183;-0.159
-0.22;-0.002;-0.144;-0.322
-0.154;0.017;-0.1;-0.186
0.042;0.12;0.02;-0.122
0.01;-0.02;-0.081;-0.161
-0.01;-0.005;-0.159;-0.044
0.024;0.02;-0.125;-0.044
-0.027;-0.171;0.032;-0.139
0.164;-0.312;0.044;-0.176
0.029;-0.195;-0.095;-0.154
-0.203;-0.073;-0.234;-0.22
-0.303;-0.022;-0.251;-0.088
-0.115;-0.088;-0.12;-0.078
0.049;-0.01;0.002;-0.027
-0.01;-0.002;-0.181;-0.022
0.024;-0.176;-0.176;-0.049
0.066;-0.181;-0.212;-0.129
-0.022;-0.037;-0.107;-0.002
-0.205;-0.095;-0.115;-0.017
-0.237;-0.095;-0.049;-0.007
-0.154;-0.017;-0.166;-0.125
-0.137;-0.234;-0.139;-0.063
-0.144;-0.144;-0.081;-0.115
-0.244;-0.068;-0.051;-0.083
-0.327;-0.161;-0.146;-0.105
-0.144;-0.178;-0.078;-0.205
-0.132;-0.103;-0.029;-0.242
-0.188;-0.21;-0.029;-0.254
-0.063;-0.251;-0.037;-0.149
0.007;-0.159;-0.073;-0.081
-0.066;-0.254;-0.056;-0.042
0.034;-0.212;-0.032;-0.125
-0.049;-0.222;0.027;-0.081
-0.032;-0.098;-0.039;-0.195
0.068;-0.083;-0.034;-0.073
-0.01;-0.085;-0.21;-0.09
0.037;-0.21;-0.203;-0.1
0.01;-0.234;-0.164;-0.168
-0.024;-0.259;-0.051;-0.183
-0.061;-0.154;-0.117;-0.146
-0.166;-0.007;-0.178;-0.11
-0.203;-0.117;-0.19;-0.061
-0.188;-0.281;-0.112;-0.076
-0.098;-0.146;-0.117;-0.112
-0.222;-0.31;-0.142;-0.173
-0.266;-0.122;-0.105;-0.222
-0.254;-0.164;-0.088;-0.173
-0.229;0.054;-0.137;0.012
-0.264;-0.005;-0.2;0.01
-0.095;-0.173;-0.225;-0.168
0.161;-0.244;-0.088;-0.225
0.042;0.029;-0.017;-0.071
-0.276;0.029;-0.137;-0.154
-0.176;0.049;-0.107;-0.022
-0.056;-0.276;-0.144;-0.134
-0.144;-0.337;-0.144;-0.129
-0.151;-0.159;-0.127;-0.173
-0.247;-0.042;-0.139;-0.129
-0.195;-0.071;-0.22;-0.178
-0.01;-0.156;-0.266;-0.115
0.051;-0.122;-0.205;-0.093
-0.283;-0.017;-0.073;-0.149
-0.239;0.015;-0.061;-0.039
-0.105;-0.259;-0.107;0.02
-0.002;-0.032;-0.2;-0.085
-0.222;-0.142;-0.129;-0.286
-0.366;0.056;-0.044;-0.222
-0.115;-0.142;-0.093;-0.139
0.073;-0.002;-0.122;-0.276
-0.037;-0.278;-0.088;-0.361
-0.225;-0.146;-0.034;-0.251
-0.371;-0.293;-0.093;-0.049
-0.01;-0.073;-0.176;-0.039
0.159;-0.32;-0.132;-0.208
0.156;-0.142;-0.039;-0.278
-0.107;-0.156;-0.049;-0.085
-0.298;-0.078;-0.151;-0.093
-0.122;-0.066;-0.278;-0.093
0.085;-0.266;-0.249;-0.181
0.168;-0.271;-0.083;-0.034
-0.046;-0.083;-0.039;-0.222
-0.332;-0.256;-0.007;-0.217
-0.244;-0.19;-0.242;-0.078
-0.149;-0.132;-0.244;-0.002
-0.134;0.015;-0.166;-0.115
-0.115;-0.076;-0.049;-0.1
-0.112;-0.164;-0.073;-0.171
-0.183;-0.005;-0.024;-0.09
-0.256;-0.024;-0.312;-0.317
-0.071;-0.188;-0.276;-0.066
0.073;-0.2;-0.134;-0.103
-0.227;-0.195;0.037;-0.115
-0.125;-0.005;-0.059;-0.269
-0.107;-0.181;-0.171;-0.161
-0.117;-0.234;-0.002;-0.007
0.02;-0.132;-0.059;-0.063
0.103;-0.19;-0.215;-0.015
-0.1;-0.022;-0.217;-0.076
-0.171;-0.059;-0.176;-0.032
-0.027;-0.151;-0.144;-0.093
-0.222;-0.173;-0.312;-0.068
-0.254;-0.071;-0.237;-0.044
0.046;0.142;-0.178;-0.176
0.076;-0.159;-0.107;-0.093
0.012;-0.117;-0.195;-0.146
-0.381;-0.186;-0.154;-0.247
-0.552;0.066;-0.017;-0.063
-0.215;-0.188;0.015;0.054
0.144;0.078;-0.237;-0.352
0.137;-0.142;-0.188;-0.093
-0.081;0.095;-0.098;0.112
-0.376;0.195;-0.049;-0.103
-0.134;0.076;-0.117;-0.181
0.12;-0.295;-0.107;-0.149
0.149;-0.295;0.027;-0.312
-0.144;-0.134;0.142;-0.098
-0.212;-0.095;-0.254;-0.146
-0.244;-0.11;-0.295;-0.056
0.022;-0.1;-0.342;-0.181
0.051;-0.193;0.044;-0.034
-0.276;-0.146;-0.142;-0.374
-0.349;-0.046;-0.217;-0.007
-0.198;-0.132;-0.317;0.039
-0.073;-0.134;-0.046;0.034
-0.356;-0.063;-0.132;-0.127
-0.339;0.1;-0.024;-0.073
-0.186;-0.234;-0.042;-0.149
-0.161;-0.046;-0.164;-0.01
-0.173;-0.237;-0.205;-0.3
-0.159;0.083;-0.02;-0.181
-0.078;-0.173;0.127;-0.054
-0.217;-0.261;-0.1;-0.256
-0.154;-0.039;-0.178;0.005
-0.164;-0.122;-0.088;-0.012
-0.049;-0.081;0.081;-0.203
-0.078;-0.149;-0.139;-0.134
-0.142;-0.298;-0.132;0.083
-0.056;-0.317;-0.105;-0.276
-0.068;-0.029;-0.073;-0.098
-0.154;-0.173;-0.156;-0.066
-0.249;-0.198;-0.044;-0.024
-0.2;-0.078;-0.222;-0.115
-0.159;-0.288;-0.149;0.0
-0.129;-0.161;-0.105;-0.19
-0.22;-0.027;-0.046;-0.129
-0.146;-0.029;-0.251;-0.273
-0.149;-0.046;-0.051;-0.183
-0.273;0.142;-0.19;-0.117
-0.225;-0.066;-0.037;-0.142
-0.115;-0.076;-0.178;-0.127
0.027;-0.342;0.09;0.156
-0.149;0.015;0.017;-0.188
-0.244;-0.154;0.007;0.12
-0.042;-0.149;-0.256;-0.032
0.078;-0.2;-0.029;-0.225
-0.188;-0.166;-0.012;-0.039
-0.044;-0.11;-0.273;-0.015
0.012;-0.044;-0.103;0.02
0.02;-0.173;-0.083;-0.239
-0.088;-0.068;-0.056;-0.161
-0.171;-0.051;-0.1;-0.125
-0.125;-0.1;-0.159;-0.1
-0.249;-0.225;-0.144;-0.088
-0.142;-0.154;-0.151;-0.029
-0.137;-0.186;-0.027;-0.1
-0.244;0.01;-0.205;-0.215
-0.396;0.017;-0.188;0.095
-0.22;-0.181;-0.271;-0.234
-0.032;-0.164;0.1;-0.31
-0.159;0.085;-0.151;-0.4
-0.308;0.042;0.095;-0.029
-0.203;-0.122;-0.21;-0.347
-0.088;-0.176;-0.276;-0.039
-0.12;-0.198;-0.142;-0.117
-0.056;-0.256;0.103;-0.173
-0.007;-0.054;0.042;0.115
-0.115;-0.125;-0.164;0.107
-0.171;-0.098;-0.186;-0.046
-0.186;-0.125;-0.186;-0.146
-0.068;-0.195;-0.088;-0.21
-0.059;-0.139;-0.159;-0.256
-0.19;0.022;0.037;-0.078
-0.176;-0.249;-0.312;-0.247
-0.208;-0.1;-0.242;0.176
-0.083;-0.222;-0.203;-0.056
-0.12;-0.042;0.0;-0.056
-0.095;-0.117;-0.11;-0.159
-0.33;-0.024;-0.068;-0.183
-0.256;-0.154;-0.154;-0.225
-0.002;-0.215;-0.161;-0.117
-0.098;-0.178;-0.029;-0.032
-0.205;-0.269;-0.005;-0.317
-0.256;-0.024;-0.122;-0.242
-0.173;-0.178;-0.144;-0.161
-0.105;-0.32;-0.103;-0.056
-0.125;-0.198;-0.21;-0.117
-0.1;-0.227;-0.032;-0.105
0.059;-0.371;-0.137;-0.215
0.068;-0.156;-0.066;-0.151
-0.024;0.059;-0.171;-0.2
-0.088;-0.137;-0.244;-0.125
-0.173;-0.085;-0.142;-0.01
-0.225;-0.002;-0.076;-0.149
-0.308;-0.085;-0.051;-0.161
-0.046;-0.203;-0.095;-0.217
0.027;-0.212;-0.19;-0.212
-0.076;-0.088;-0.261;-0.164
-0.161;0.051;-0.142;-0.056
-0.134;-0.085;-0.005;-0.11
-0.159;-0.137;0.022;-0.11
-0.146;-0.164;-0.083;-0.193
-0.063;-0.178;-0.129;-0.117
-0.085;-0.261;-0.159;-0.103
-0.266;-0.042;-0.068;-0.061
-0.359;0.115;-0.105;-0.151
-0.017;-0.054;-0.085;-0.168
-0.002;-0.239;-0.078;-0.146
-0.09;-0.208;-0.122;-0.149
-0.11;-0.078;-0.22;-0.061
-0.129;-0.122;-0.161;-0.034
-0.02;-0.19;-0.054;-0.11
-0.083;-0.195;-0.078;-0.117
-0.247;-0.017;-0.137;-0.012
-0.215;-0.237;-0.234;-0.063
-0.112;-0.156;-0.161;-0.083
-0.059;-0.198;-0.149;-0.125
-0.188;-0.269;-0.139;-0.161
-0.139;-0.2;-0.149;-0.144
-0.195;-0.181;-0.068;-0.146
-0.132;-0.168;-0.024;-0.227
-0.203;-0.193;-0.098;-0.107
-0.139;-0.107;-0.203;-0.19
-0.208;-0.073;-0.139;-0.171
-0.21;-0.078;-0.112;-0.215
-0.129;-0.081;-0.037;-0.205
0.024;-0.178;-0.078;-0.227
0.044;-0.251;-0.156;-0.105
0.063;-0.232;-0.168;-0.063
-0.093;-0.234;-0.176;-0.09
-0.234;-0.183;-0.215;-0.132
-0.164;-0.081;-0.149;-0.039
-0.056;-0.291;-0.183;-0.061
-0.098;-0.056;-0.149;-0.132
-0.229;-0.125;-0.149;-0.088
-0.203;-0.081;-0.039;-0.088
0.002;-0.168;-0.068;-0.168
-0.178;-0.039;-0.129;-0.093
-0.122;-0.215;-0.176;-0.105
-0.007;-0.088;-0.093;-0.107
-0.154;-0.264;-0.054;-0.208
-0.31;-0.076;-0.051;-0.032
-0.293;-0.2;-0.081;-0.034
-0.098;-0.1;-0.098;-0.205
-0.081;-0.237;-0.015;-0.251
-0.12;-0.164;-0.1;-0.127
-0.044;0.098;-0.12;-0.149
0.01;-0.066;-0.176;-0.1
-0.142;-0.156;-0.151;-0.137
-0.149;-0.181;-0.039;-0.127
-0.159;-0.083;-0.059;-0.017
-0.103;-0.112;-0.134;-0.039
-0.139;-0.217;-0.19;-0.093
0.027;-0.164;-0.129;-0.176
-0.027;-0.208;-0.142;-0.007
-0.076;-0.068;-0.149;0.032
-0.122;-0.059;-0.225;-0.02
-0.276;0.002;-0.222;-0.103
-0.056;-0.159;-0.161;-0.078
-0.093;-0.178;-0.1;-0.159
-0.095;-0.12;-0.093;-0.1
-0.21;-0.168;-0.166;-0.105
-0.103;-0.142;-0.129;-0.132
-0.132;-0.056;-0.078;-0.059
-0.149;-0.024;0.027;-0.01
-0.088;-0.039;-0.12;-0.017
-0.103;-0.132;-0.134;-0.017
-0.186;-0.125;-0.166;-0.168
-0.291;-0.149;-0.059;-0.227
-0.083;-0.024;-0.054;-0.078
0.073;-0.02;-0.142;-0.105
-0.081;-0.017;-0.244;-0.088
-0.117;-0.105;-0.146;-0.151
0.071;-0.146;-0.027;-0.127
-0.049;-0.125;-0.073;-0.117
-0.076;0.024;-0.222;-0.039
-0.071;-0.02;-0.244;-0.083
-0.083;-0.146;-0.09;-0.154
-0.193;-0.215;-0.063;-0.107
-0.249;-0.081;-0.1;-0.029
-0.225;-0.032;-0.168;-0.103
-0.142;-0.054;-0.088;-0.146
-0.215;-0.168;-0.027;-0.217
-0.178;-0.044;0.039;-0.203
-0.271;-0.127;-0.056;-0.073
-0.295;-0.151;-0.154;0.02
-0.146;-0.115;-0.168;-0.122
-0.105;-0.127;-0.071;-0.112
-0.054;-0.168;0.0;-0.144
-0.066;-0.054;-0.088;-0.144
-0.154;-0.09;-0.308;-0.122
-0.222;-0.11;-0.286;-0.144
-0.056;-0.095;-0.117;-0.151
-0.051;-0.239;0.007;-0.178
-0.017;-0.244;-0.146;-0.164
-0.134;-0.154;-0.332;-0.085
-0.261;-0.081;-0.383;-0.068
-0.225;-0.073;-0.193;-0.09
-0.154;-0.149;-0.117;-0.11
-0.208;-0.134;-0.056;-0.244
-0.151;-0.037;-0.149;-0.149
-0.19;-0.093;-0.281;-0.117
-0.181;-0.098;-0.203;-0.095
-0.251;-0.261;-0.054;-0.117
-0.278;-0.117;-0.015;-0.071
-0.288;-0.073;-0.132;-0.161
-0.134;-0.012;-0.083;-0.088
-0.144;-0.144;-0.127;-0.103
-0.059;-0.247;-0.112;-0.129
-0.146;-0.276;-0.151;-0.159
-0.105;-0.129;-0.144;-0.161
-0.12;-0.232;-0.11;-0.188
-0.125;-0.166;-0.093;-0.098
-0.127;-0.229;-0.078;-0.217
-0.173;-0.115;-0.09;-0.088
-0.139;-0.146;-0.129;-0.151
-0.161;-0.117;-0.107;-0.195
-0.098;-0.066;-0.117;-0.144
-0.105;-0.081;-0.222;-0.11
-0.161;-0.205;-0.193;-0.134
-0.237;-0.081;-0.166;-0.142
-0.22;-0.017;-0.073;-0.205
-0.171;-0.095;-0.054;-0.251
-0.1;-0.198;-0.095;-0.071
-0.073;-0.056;-0.134;-0.044
-0.232;0.051;-0.166;-0.076
-0.227;0.02;-0.156;-0.144
-0.151;-0.139;-0.081;-0.132
-0.044;-0.254;-0.059;-0.237
-0.073;-0.254;-0.112;-0.085
-0.237;-0.178;-0.227;-0.127
-0.244;-0.237;-0.176;-0.127
-0.146;-0.222;-0.129;-0.146
-0.085;-0.237;0.01;-0.049
-0.173;-0.283;-0.085;-0.112
-0.247;-0.137;-0.154;-0.085
-0.278;-0.312;-0.242;-0.095
-0.176;-0.229;-0.178;-0.098
-0.186;-0.217;-0.129;-0.2
-0.2;0.078;-0.037;-0.156
-0.225;-0.02;-0.142;-0.132
-0.203;-0.076;-0.181;-0.142
-0.12;-0.359;-0.168;-0.149
-0.139;-0.215;-0.156;-0.107
-0.198;-0.198;-0.188;-0.095
-0.312;-0.183;-0.144;-0.115
-0.151;-0.017;-0.166;-0.107
-0.002;0.088;-0.137;-0.093
0.032;0.02;-0.1;-0.142
-0.017;-0.212;-0.12;-0.217
0.093;-0.339;-0.1;-0.205
0.093;-0.325;-0.122;-0.232
-0.11;-0.054;-0.122;-0.154
-0.2;-0.044;-0.217;-0.002
-0.181;-0.256;-0.21;-0.054
0.068;-0.183;-0.176;-0.054
-0.046;-0.193;-0.181;-0.161
-0.339;-0.117;-0.076;-0.098
-0.347;-0.173;-0.139;-0.073
-0.127;-0.063;-0.178;-0.115
-0.098;0.024;-0.198;-0.142
-0.129;0.046;-0.127;-0.073
-0.129;0.144;-0.125;-0.103
-0.159;0.061;-0.132;-0.105
-0.117;-0.046;-0.139;-0.105
-0.115;-0.144;-0.093;0.0
-0.078;-0.186;-0.007;-0.051
-0.205;-0.168;0.002;-0.032
-0.19;-0.2;-0.073;-0.183
-0.042;-0.112;-0.117;-0.159
-0.01;-0.168;-0.146;-0.1
0.076;-0.068;-0.168;-0.017
-0.071;-0.149;-0.151;-0.146
0.007;-0.132;-0.081;-0.193
-0.139;-0.056;-0.088;-0.073
-0.186;0.034;-0.129;-0.071
-0.105;-0.049;-0.232;-0.063
-0.049;-0.09;-0.239;-0.154
-0.237;-0.103;-0.137;-0.19
-0.237;-0.098;-0.117;-0.122
-0.229;-0.063;-0.193;-0.02
-0.188;0.073;-0.193;-0.039
-0.198;-0.083;-0.134;-0.181
-0.173;-0.073;-0.063;-0.212
-0.083;-0.107;-0.103;-0.181
-0.076;-0.095;-0.081;-0.103
-0.125;-0.256;-0.132;-0.117
-0.1;-0.234;-0.149;-0.11
-0.164;-0.168;-0.061;-0.21
-0.125;-0.154;-0.085;-0.171
-0.024;-0.085;-0.098;-0.173
0.176;-0.239;-0.117;-0.095
0.093;-0.164;-0.146;-0.103
-0.144;-0.164;-0.088;-0.037
-0.227;-0.007;-0.112;-0.081
-0.237;-0.144;-0.051;-0.063
-0.212;-0.103;-0.127;-0.098
-0.156;0.11;-0.088;-0.11
-0.234;-0.063;-0.159;-0.061
-0.217;0.01;-0.1;-0.068
-0.149;-0.049;-0.042;-0.022
-0.083;-0.103;-0.002;-0.142
-0.2;-0.195;-0.083;-0.071
-0.217;0.088;-0.149;0.068
-0.156;-0.034;-0.139;-0.002
-0.029;0.061;-0.105;-0.188
0.032;-0.315;-0.066;-0.051
-0.105;-0.11;-0.022;-0.071
-0.247;-0.291;-0.066;-0.195
-0.076;-0.21;-0.249;-0.11
0.178;-0.364;-0.195;-0.029
-0.024;-0.244;-0.093;-0.112
-0.374;-0.198;-0.103;-0.146
-0.227;-0.073;-0.232;-0.039
-0.117;-0.066;-0.173;-0.071
-0.139;-0.107;-0.081;-0.139
-0.139;-0.09;-0.12;-0.115
-0.288;-0.027;-0.085;-0.156
-0.349;-0.127;-0.166;-0.117
-0.144;-0.056;-0.085;-0.139
-0.071;-0.215;-0.105;-0.232
-0.146;-0.005;-0.029;-0.161
-0.208;-0.073;-0.054;-0.125
-0.137;-0.176;-0.127;-0.198
-0.02;-0.317;0.0;-0.115
0.112;-0.232;-0.022;-0.186
-0.054;-0.21;-0.042;-0.181
0.046;-0.21;-0.156;-0.012
0.0;-0.107;-0.117;-0.051
-0.166;-0.098;-0.078;-0.078
-0.156;-0.203;-0.049;0.01
0.063;-0.229;-0.078;-0.005
0.12;-0.317;-0.168;-0.061
-0.09;-0.195;-0.168;-0.034
-0.271;-0.176;-0.195;-0.095
-0.383;-0.093;-0.076;-0.122
-0.408;-0.012;-0.125;-0.178
-0.32;-0.061;-0.181;-0.2
-0.156;-0.01;-0.195;-0.105
-0.161;-0.007;-0.125;-0.146
-0.181;-0.142;-0.044;-0.242
-0.095;-0.146;-0.066;-0.161
-0.095;-0.098;-0.134;-0.127
-0.142;-0.1;-0.164;-0.237
-0.066;-0.149;-0.083;-0.083
0.1;-0.305;-0.173;-0.122
-0.032;-0.239;-0.161;-0.159
-0.164;-0.171;-0.176;-0.22
-0.024;-0.183;-0.115;-0.317
0.154;-0.251;-0.081;-0.183
0.093;-0.151;-0.078;-0.151
-0.063;-0.139;-0.12;-0.154
-0.129;-0.122;-0.159;-0.166
-0.085;-0.054;-0.059;-0.142
0.046;0.076;-0.017;-0.139
-0.149;-0.12;-0.076;-0.032
-0.286;-0.286;-0.166;0.002
-0.308;-0.178;-0.122;-0.059
-0.308;0.007;-0.115;-0.171
-0.195;0.095;-0.042;-0.1
-0.173;-0.022;-0.085;-0.154
-0.105;-0.049;-0.139;-0.027
-0.19;-0.139;-0.173;-0.024
-0.168;-0.115;-0.022;-0.1
-0.146;-0.171;-0.042;-0.11
-0.01;-0.178;-0.071;-0.173
0.029;-0.137;-0.129;-0.09
-0.022;-0.117;-0.171;-0.093
-0.056;-0.156;-0.103;-0.154
-0.061;-0.195;-0.088;-0.156
0.046;-0.232;-0.115;-0.203
0.034;-0.266;-0.186;-0.188
-0.012;0.007;-0.215;-0.212
-0.12;-0.093;-0.181;-0.215
-0.154;-0.024;-0.127;-0.212
-0.01;-0.11;-0.046;-0.171
0.09;-0.056;-0.154;-0.183
0.056;0.066;-0.122;-0.173
-0.161;-0.181;-0.081;-0.242
-0.146;0.044;-0.085;-0.181
-0.137;-0.122;-0.142;-0.2
-0.083;-0.095;0.002;-0.137
-0.134;-0.076;-0.032;-0.256
-0.132;0.024;0.0;-0.237
-0.149;-0.134;-0.039;0.005
0.059;-0.188;-0.164;-0.166
0.132;-0.127;-0.027;-0.149
-0.046;-0.051;-0.095;-0.159
-0.286;-0.105;-0.127;-0.076
-0.205;-0.083;-0.254;-0.024
-0.042;-0.146;-0.217;0.081
-0.044;-0.227;-0.173;-0.112
-0.022;-0.049;-0.049;-0.144
-0.156;-0.107;-0.107;-0.054
-0.137;-0.183;-0.205;-0.037
-0.181;-0.002;-0.159;-0.063
-0.134;0.024;-0.146;-0.098
-0.303;-0.051;-0.125;-0.164
-0.383;-0.02;-0.095;-0.027
-0.198;-0.134;-0.173;-0.105
-0.129;-0.327;-0.146;-0.093
-0.239;-0.181;-0.1;-0.142
-0.381;0.09;-0.02;-0.178
-0.266;0.051;-0.017;-0.168
-0.071;-0.076;0.005;-0.068
0.039;-0.273;-0.098;-0.2
0.029;-0.261;-0.071;-0.208
-0.117;-0.073;-0.105;-0.107
-0.046;-0.139;-0.081;-0.112
-0.073;-0.129;-0.059;-0.076
-0.037;-0.029;-0.061;-0.061
-0.061;-0.044;-0.115;-0.244
0.01;-0.19;-0.122;-0.132
0.095;-0.208;-0.146;-0.078
-0.034;-0.09;-0.137;-0.151
-0.078;0.015;-0.083;-0.107
-0.061;0.0;-0.146;-0.054
-0.212;-0.132;-0.144;-0.081
-0.149;0.032;-0.085;-0.081
-0.134;-0.112;-0.095;-0.164
-0.217;-0.168;-0.137;-0.076
-0.264;-0.081;-0.161;-0.088
-0.071;-0.073;-0.063;-0.063
-0.017;-0.063;-0.115;-0.168
-0.261;0.01;-0.078;-0.176
-0.295;-0.09;-0.112;-0.122
-0.156;-0.166;-0.044;-0.078
0.0;-0.161;-0.132;-0.005
-0.137;-0.042;-0.12;-0.032
-0.134;-0.061;-0.117;-0.037
-0.176;-0.117;-0.088;-0.059
-0.227;-0.11;-0.142;0.002
-0.232;0.027;-0.205;-0.029
0.093;-0.193;-0.088;-0.081
0.149;-0.261;-0.134;-0.105
0.129;-0.139;-0.186;-0.09
-0.125;-0.081;-0.237;-0.105
-0.083;-0.139;-0.198;-0.098
-0.1;-0.085;-0.161;-0.081
-0.3;-0.161;-0.103;-0.127
-0.166;-0.144;-0.056;-0.129
0.049;-0.286;-0.061;-0.146
-0.122;-0.159;-0.125;-0.186
-0.215;-0.027;-0.103;-0.093
-0.042;0.09;-0.098;-0.193
-0.088;0.007;-0.081;-0.217
-0.098;0.049;-0.149;-0.183
0.0;-0.039;-0.139;-0.178
0.11;-0.188;-0.127;-0.181
0.139;-0.227;-0.061;-0.146
-0.137;-0.137;-0.09;-0.242
-0.132;-0.295;-0.137;-0.161
-0.149;-0.237;-0.259;-0.125
-0.31;-0.234;-0.229;-0.198
-0.195;-0.195;-0.171;-0.125
0.244;-0.112;-0.149;-0.151
0.1;-0.017;-0.107;-0.168
-0.222;-0.002;-0.154;-0.144
-0.227;-0.103;-0.122;-0.203
-0.159;-0.19;-0.129;-0.117
-0.195;-0.085;-0.161;0.0
-0.149;-0.081;-0.154;-0.049
-0.149;-0.188;-0.156;-0.178
-0.103;-0.146;-0.154;-0.122
-0.208;0.022;-0.21;-0.046
-0.139;-0.146;-0.212;-0.005
-0.088;-0.173;-0.125;-0.095
0.056;-0.132;-0.037;-0.168
-0.1;-0.154;-0.068;-0.242
-0.134;-0.073;-0.105;-0.098
-0.225;0.02;-0.264;0.073
-0.229;-0.032;-0.239;-0.11
0.012;-0.349;-0.09;-0.31
-0.02;-0.339;-0.046;-0.134
-0.166;-0.103;-0.078;-0.085
-0.308;-0.168;-0.134;-0.044
-0.229;-0.1;-0.205;-0.083
-0.066;-0.122;-0.112;-0.105
-0.015;-0.051;-0.017;-0.063
-0.178;-0.024;-0.002;-0.046
-0.154;-0.098;-0.139;-0.132
-0.115;0.0;-0.105;-0.059
-0.339;-0.034;-0.071;-0.093
-0.19;0.083;-0.027;-0.183
-0.173;-0.149;-0.051;-0.054
-0.083;-0.291;-0.042;-0.098
-0.063;-0.229;-0.017;-0.139
-0.115;-0.215;-0.022;-0.11
-0.237;-0.264;-0.032;-0.117
-0.176;-0.227;-0.059;-0.103
0.002;-0.205;-0.044;-0.054
-0.044;-0.151;-0.024;-0.071
-0.032;-0.005;-0.005;-0.127
-0.198;-0.156;-0.029;-0.103
-0.095;-0.176;-0.129;-0.098
-0.061;-0.193;-0.171;-0.071
0.037;-0.029;-0.137;-0.095
-0.029;-0.012;-0.076;-0.144
-0.059;-0.195;-0.085;-0.183
0.137;-0.261;-0.09;-0.117
0.02;-0.125;-0.107;-0.139
-0.171;-0.042;-0.2;-0.156
-0.33;-0.078;-0.151;-0.159
-0.107;-0.022;-0.164;-0.164
-0.02;0.103;-0.146;-0.168
-0.01;-0.159;-0.171;-0.081
-0.127;-0.164;-0.217;-0.105
-0.237;-0.1;-0.137;-0.168
-0.21;-0.156;-0.144;-0.159
-0.09;-0.085;-0.171;-0.161
-0.051;-0.129;-0.193;-0.105
-0.1;-0.186;-0.168;-0.078
-0.107;-0.256;-0.139;-0.137
-0.095;-0.173;-0.156;-0.117
-0.11;-0.085;-0.195;-0.112
-0.095;-0.154;-0.159;-0.044
0.061;-0.129;-0.164;-0.068
-0.068;-0.171;-0.168;-0.081
-0.154;0.002;-0.2;-0.049
-0.198;-0.098;-0.127;-0.076
-0.183;-0.188;-0.029;-0.117
-0.295;-0.1;-0.027;-0.203
-0.212;-0.083;-0.085;-0.225
0.032;-0.073;-0.149;-0.198
-0.051;-0.166;-0.081;-0.112
-0.266;-0.044;-0.151;-0.105
-0.244;-0.012;-0.105;-0.181
-0.122;-0.146;-0.098;-0.103
-0.115;-0.103;-0.164;-0.103
-0.21;-0.22;-0.139;-0.103
-0.181;-0.269;-0.12;-0.073
-0.269;-0.159;-0.125;-0.129
-0.146;-0.178;-0.073;-0.205
-0.081;-0.217;-0.071;-0.137
-0.178;-0.256;-0.168;-0.171
-0.237;-0.122;-0.159;-0.112
-0.007;-0.149;-0.122;-0.203
0.076;-0.225;-0.056;-0.117
0.051;-0.107;-0.156;-0.049
-0.103;-0.049;-0.151;-0.212
-0.203;-0.137;-0.193;0.022
-0.237;0.217;-0.149;0.059
-0.112;0.093;-0.078;-0.205
-0.078;-0.337;-0.12;-0.281
-0.012;-0.095;-0.146;-0.02
-0.151;-0.098;-0.12;0.007
-0.254;0.217;-0.171;-0.1
-0.125;-0.19;-0.088;-0.09
0.295;0.076;0.012;-0.195
-0.046;-0.205;0.12;-0.063
-0.469;-0.02;-0.176;-0.005
-0.127;-0.142;-0.322;0.176
0.129;-0.251;-0.186;-0.039
0.137;-0.471;0.059;-0.073
-0.151;0.071;-0.027;-0.012
-0.242;0.09;-0.227;-0.166
-0.073;-0.088;-0.288;-0.017
-0.032;-0.266;-0.237;0.083
-0.039;-0.046;-0.049;-0.081
-0.076;-0.173;-0.095;-0.105
-0.356;-0.254;-0.154;-0.056
-0.295;-0.166;-0.227;-0.149
-0.249;-0.229;-0.168;-0.149
-0.298;-0.244;-0.122;-0.005
-0.254;-0.134;-0.146;-0.132
-0.281;-0.132;-0.081;-0.12
-0.166;-0.176;-0.137;-0.19
-0.134;-0.027;-0.137;-0.276
-0.19;-0.139;-0.151;-0.266
-0.046;-0.225;-0.002;-0.056
-0.039;-0.164;-0.117;-0.244
-0.105;-0.115;-0.188;-0.303
-0.122;-0.129;-0.176;-0.107
-0.015;-0.154;-0.046;-0.132
-0.134;-0.193;-0.161;-0.103
-0.156;-0.156;-0.247;-0.027
-0.083;-0.078;-0.22;-0.142
-0.034;-0.061;-0.037;-0.173
0.005;-0.276;-0.068;-0.134
-0.046;-0.061;-0.129;-0.112
-0.322;0.017;-0.164;-0.107
-0.327;-0.112;-0.139;-0.137
-0.195;-0.251;-0.049;-0.115
-0.061;-0.149;-0.159;-0.137
-0.222;-0.056;-0.22;-0.115
-0.198;-0.12;-0.161;0.039
-0.085;-0.022;-0.117;-0.142
-0.002;-0.046;-0.09;-0.098
-0.269;-0.122;-0.149;-0.107
-0.188;-0.178;-0.129;-0.09
-0.293;-0.247;-0.215;-0.156
-0.232;-0.391;-0.154;-0.237
-0.178;-0.261;-0.071;-0.244
-0.112;-0.02;-0.015;-0.132
-0.359;-0.051;-0.093;-0.105
-0.347;-0.078;-0.227;-0.122
-0.073;-0.068;-0.229;-0.132
-0.112;0.076;-0.117;-0.12
-0.193;0.122;-0.151;-0.105
-0.21;-0.232;-0.222;-0.032
-0.2;-0.183;-0.186;-0.105
-0.1;-0.354;-0.156;-0.132
-0.215;-0.193;-0.144;-0.059
-0.247;-0.161;-0.088;-0.095
-0.266;0.037;-0.112;-0.078
-0.205;-0.203;-0.112;-0.061
-0.125;-0.312;-0.066;-0.151
-0.129;-0.242;-0.005;-0.093
-0.107;-0.305;-0.073;-0.09
0.012;-0.161;-0.144;-0.054
-0.078;-0.105;-0.1;-0.085
-0.149;-0.149;-0.059;-0.132
0.063;-0.107;-0.042;-0.081
0.029;-0.264;-0.063;-0.005
-0.076;-0.349;-0.178;-0.022
-0.083;-0.11;-0.188;-0.073
-0.159;0.068;-0.095;-0.146
-0.203;-0.225;0.024;-0.2
-0.024;-0.232;-0.039;-0.181
-0.042;0.134;-0.205;-0.183
-0.366;0.02;-0.171;-0.139
-0.308;0.186;-0.02;-0.107
-0.115;-0.178;-0.012;-0.347
-0.071;-0.186;-0.037;-0.149
-0.176;-0.151;-0.054;0.015
-0.43;0.073;-0.083;-0.051
-0.312;-0.027;-0.1;-0.146
-0.151;0.02;-0.095;0.007
-0.21;-0.256;-0.088;-0.215
-0.061;-0.171;0.0;-0.12
-0.1;-0.051;-0.164;-0.081
-0.149;0.029;-0.12;-0.134
-0.068;0.029;-0.164;-0.015
0.034;-0.049;-0.056;0.027
-0.078;0.044;-0.188;-0.1
-0.234;-0.01;-0.239;-0.044
-0.3;-0.288;-0.168;-0.078
-0.186;-0.254;-0.144;-0.168
-0.352;0.015;-0.105;-0.083
-0.562;0.059;-0.154;0.107
-0.366;-0.144;-0.168;-0.049
-0.349;-0.4;-0.127;-0.156
-0.308;-0.256;-0.085;-0.09
-0.171;-0.034;-0.115;-0.085
0.007;-0.09;-0.188;0.039
0.149;-0.127;-0.278;-0.088
-0.02;0.002;-0.076;-0.225
-0.164;-0.247;0.044;-0.266
-0.125;-0.193;-0.032;-0.049
-0.105;-0.283;-0.22;-0.029
-0.11;-0.249;-0.266;0.012
-0.044;-0.271;-0.103;-0.122
0.044;-0.222;0.107;-0.151
-0.01;-0.247;-0.1;-0.11
-0.012;-0.173;-0.256;-0.083
-0.017;-0.002;-0.188;-0.205
-0.093;-0.088;-0.105;-0.22
-0.039;-0.076;-0.168;-0.151
-0.142;-0.171;-0.139;-0.142
-0.117;-0.022;-0.159;-0.095
-0.208;-0.002;-0.107;-0.12
-0.396;0.039;-0.117;-0.176
-0.271;0.002;-0.022;-0.11
-0.081;-0.256;-0.027;-0.076
-0.11;-0.051;-0.066;-0.063
-0.178;-0.298;-0.176;-0.093
-0.237;-0.054;-0.066;-0.122
-0.156;-0.142;0.127;-0.164
0.032;0.103;0.061;0.02
0.039;-0.161;-0.159;-0.125
0.027;-0.103;-0.161;-0.188
-0.032;-0.129;-0.139;-0.154
-0.19;-0.039;-0.085;-0.039
-0.168;0.042;-0.137;0.012
0.178;-0.154;-0.195;-0.09
0.095;-0.132;-0.115;-0.295
-0.09;-0.22;-0.034;0.0
-0.315;0.11;-0.205;0.098
-0.154;-0.098;-0.19;-0.081
-0.107;-0.085;-0.139;-0.139
-0.081;-0.242;0.022;-0.259
-0.176;-0.139;-0.034;-0.051
-0.354;-0.088;-0.139;0.076
-0.181;0.032;-0.244;-0.039
0.0;-0.017;-0.2;-0.198
0.01;-0.151;0.051;-0.2
-0.12;-0.093;-0.022;-0.166
-0.327;-0.2;-0.154;-0.115
-0.085;-0.142;-0.144;-0.068
0.242;-0.227;-0.144;-0.122
0.095;-0.103;0.029;-0.217
-0.352;-0.034;0.039;-0.044
-0.156;-0.193;-0.139;-0.054
0.115;-0.356;-0.225;-0.173
-0.002;-0.286;-0.193;-0.19
-0.071;-0.156;-0.112;-0.063
0.005;-0.144;-0.12;0.01
-0.071;0.02;-0.105;-0.105
-0.234;0.11;-0.098;-0.286
-0.293;-0.068;-0.085;-0.085
-0.1;-0.259;-0.068;0.051
-0.11;-0.115;-0.078;-0.078
-0.308;-0.063;-0.098;-0.208
-0.205;-0.073;-0.098;-0.239
0.193;-0.103;0.015;-0.129
-0.051;0.029;-0.076;0.024
-0.376;-0.156;-0.115;-0.081
-0.198;-0.059;-0.137;-0.09
0.093;-0.11;-0.046;-0.212
-0.005;-0.081;0.027;-0.227
-0.212;-0.125;-0.151;0.027
0.002;-0.127;-0.269;-0.112
0.002;-0.347;-0.237;-0.134
-0.034;-0.081;-0.159;-0.137
-0.081;-0.073;-0.024;-0.117
0.027;0.095;-0.029;-0.002
0.005;-0.112;-0.134;-0.2
-0.085;0.017;-0.203;-0.161
-0.225;-0.166;-0.105;-0.002
-0.361;-0.037;-0.002;0.007
-0.283;-0.061;-0.103;-0.081
-0.051;-0.193;-0.103;-0.042
-0.039;-0.095;-0.022;-0.198
-0.308;-0.071;0.002;-0.002
-0.339;-0.022;-0.117;0.066
0.044;-0.122;-0.168;-0.078
0.183;-0.408;-0.129;-0.161
0.076;-0.115;-0.017;-0.115
-0.212;-0.154;-0.002;-0.159
-0.259;-0.161;-0.11;-0.076
0.046;-0.298;-0.215;-0.017
0.215;-0.215;-0.198;-0.1
0.117;-0.222;-0.051;-0.12
0.073;-0.173;-0.017;-0.098
0.015;-0.125;-0.103;-0.156
-0.037;-0.261;-0.146;-0.195
-0.127;-0.2;-0.156;-0.295
-0.264;-0.222;-0.103;-0.166
-0.103;-0.127;-0.125;-0.144
-0.129;-0.022;-0.107;-0.254
-0.161;-0.186;-0.049;-0.205
-0.129;-0.093;-0.054;-0.127
-0.19;0.183;-0.146;-0.227
-0.2;-0.186;-0.071;-0.085
-0.01;-0.039;-0.032;-0.081
-0.107;-0.063;-0.098;-0.327
-0.059;-0.002;-0.029;-0.149
0.056;-0.244;-0.071;-0.142
-0.056;-0.354;-0.068;-0.159
-0.186;-0.249;-0.134;-0.093
-0.176;-0.115;-0.068;0.046
-0.193;-0.217;-0.115;-0.264
-0.1;-0.205;-0.037;-0.139
-0.115;0.027;-0.078;-0.083
-0.046;-0.049;-0.154;0.005
0.1;0.007;-0.225;-0.088
0.229;-0.093;-0.103;-0.12
0.088;-0.325;-0.042;-0.203
-0.215;-0.076;-0.09;0.0
-0.31;-0.071;-0.195;-0.005
-0.151;-0.144;-0.149;-0.073
-0.059;-0.103;-0.054;0.056
-0.115;0.002;-0.115;-0.154
-0.376;0.161;-0.081;-0.132
-0.295;-0.032;-0.139;-0.039
-0.095;-0.122;-0.073;-0.225
0.085;-0.361;0.0;-0.203
0.044;-0.098;-0.005;-0.195
-0.168;0.042;-0.02;-0.2
-0.117;-0.107;-0.073;-0.156
0.049;-0.156;-0.017;-0.195
0.071;-0.085;-0.068;-0.193
-0.059;0.059;-0.125;-0.01
-0.125;-0.144;-0.146;-0.166
-0.027;-0.3;-0.095;-0.103
-0.039;-0.125;-0.125;-0.073
-0.059;-0.164;-0.176;-0.203
-0.044;-0.149;-0.181;-0.098
0.051;-0.117;-0.039;-0.044
0.005;-0.02;-0.061;-0.232
-0.054;0.098;-0.049;-0.012
-0.027;-0.005;-0.195;-0.251
-0.056;0.002;-0.056;-0.288
0.015;-0.029;-0.059;-0.305
-0.173;-0.09;0.0;-0.115
-0.222;0.027;-0.293;-0.503
-0.22;0.1;-0.017;0.256
0.024;-0.369;-0.334;-0.142
0.007;-0.364;0.234;-0.344
-0.054;-0.139;-0.037;-0.425
-0.168;-0.034;-0.259;-0.049
0.134;-0.168;-0.127;-0.203
0.227;-0.132;0.144;-0.093
-0.078;-0.051;-0.039;-0.247
-0.327;-0.056;-0.181;-0.149
-0.337;-0.259;-0.215;0.081
-0.039;-0.33;-0.4;-0.142
0.068;-0.19;-0.044;-0.237
-0.154;-0.093;0.166;-0.396
-0.273;-0.081;0.171;0.09
-0.234;0.027;-0.496;0.186
-0.173;-0.066;-0.269;-0.066
-0.122;-0.164;-0.103;-0.383
-0.125;-0.122;0.193;-0.012
-0.168;-0.034;-0.2;-0.159
-0.21;0.046;-0.1;-0.32
-0.271;-0.005;-0.063;-0.125
-0.266;-0.281;-0.181;-0.129
-0.01;-0.176;-0.137;-0.176
-0.063;-0.122;-0.046;-0.186
-0.032;-0.042;-0.181;-0.12
-0.015;-0.11;-0.088;-0.295
-0.034;0.005;0.088;0.229
-0.125;-0.212;-0.151;-0.403
0.017;-0.081;-0.024;-0.071
-0.017;-0.059;-0.413;-0.151
-0.051;0.017;0.051;0.085
-0.103;-0.078;0.051;-0.037
-0.024;-0.039;0.037;-0.183
-0.127;-0.032;-0.366;-0.242
-0.1;0.01;-0.229;-0.237
-0.112;-0.098;-0.034;0.017
-0.078;-0.222;0.115;-0.149
-0.249;-0.034;0.002;-0.122
-0.378;0.081;-0.178;-0.325
-0.439;0.034;-0.112;0.015
-0.161;-0.083;-0.21;-0.061
-0.032;-0.198;0.024;-0.298
-0.002;-0.159;-0.076;-0.2
-0.059;-0.168;-0.027;0.002
-0.063;-0.027;-0.125;-0.225
-0.081;-0.205;-0.066;0.0
-0.085;-0.232;-0.22;-0.166
-0.156;-0.256;0.012;-0.264
-0.02;-0.081;-0.027;0.012
-0.007;-0.093;-0.21;-0.054
-0.168;-0.02;-0.176;-0.254
-0.295;0.049;-0.063;0.039
-0.085;-0.059;-0.178;-0.327
-0.037;-0.107;-0.015;-0.266
-0.059;-0.02;-0.195;-0.176
-0.281;-0.076;-0.176;-0.012
-0.33;0.012;-0.195;0.12
-0.225;-0.144;-0.024;0.146
-0.034;-0.161;-0.12;-0.146
-0.005;0.015;-0.024;0.01
-0.122;0.034;-0.078;-0.081
-0.125;-0.159;-0.112;-0.291
-0.129;-0.225;-0.166;-0.171
-0.032;-0.21;-0.171;-0.171
-0.11;-0.198;-0.085;-0.068
-0.049;-0.278;-0.112;-0.012
-0.159;-0.334;-0.081;-0.068
-0.127;-0.178;-0.039;-0.039
0.034;-0.247;-0.139;-0.11
0.063;-0.366;-0.117;-0.295
-0.034;-0.139;-0.208;-0.178
-0.122;-0.115;-0.178;-0.261
-0.132;-0.127;-0.112;-0.325
-0.117;-0.164;-0.181;-0.388
-0.125;-0.171;-0.002;-0.21
-0.171;-0.134;-0.115;-0.295
-0.21;-0.161;-0.024;-0.33
-0.09;-0.149;-0.063;-0.2
-0.11;-0.076;-0.059;-0.234
-0.132;-0.071;0.049;-0.061
-0.31;-0.107;-0.002;0.034
-0.378;-0.098;-0.032;0.039
-0.212;-0.149;-0.164;0.032
-0.002;-0.229;-0.195;-0.046
-0.073;-0.186;-0.076;-0.154
-0.125;-0.117;-0.161;-0.137
-0.164;-0.261;-0.125;-0.222
-0.061;-0.249;-0.146;-0.173
-0.085;-0.054;-0.103;-0.037
-0.083;0.012;-0.093;-0.044
-0.029;0.056;-0.107;-0.049
-0.127;-0.085;0.01;-0.139
-0.125;-0.051;-0.127;-0.161
-0.164;0.002;-0.103;-0.137
-0.085;0.037;-0.134;0.259
-0.151;0.015;-0.278;0.081
-0.225;-0.21;-0.244;-0.154
-0.066;-0.154;-0.254;-0.066
-0.12;-0.205;-0.176;-0.144
-0.342;0.002;-0.049;-0.098
-0.215;-0.046;-0.11;-0.151
-0.034;-0.044;-0.12;-0.222
-0.073;-0.166;-0.034;-0.22
-0.164;-0.103;-0.078;-0.232
-0.073;-0.166;-0.068;-0.371
0.061;-0.195;-0.1;-0.198
0.044;-0.22;-0.078;-0.178
0.027;-0.063;-0.037;-0.166
0.022;-0.073;-0.081;-0.142
0.039;-0.156;-0.039;-0.183
0.0;-0.088;-0.056;-0.146
0.005;-0.149;-0.122;-0.125
-0.037;-0.078;-0.144;-0.227
-0.022;-0.122;-0.142;-0.264
-0.3;-0.095;-0.098;-0.283
-0.227;0.032;-0.11;-0.242
-0.178;-0.022;-0.095;-0.239
-0.122;-0.061;-0.054;-0.063
-0.154;-0.103;-0.173;-0.027
-0.303;-0.017;-0.205;0.01
-0.293;-0.063;-0.205;0.044
-0.195;-0.183;-0.09;0.076
-0.051;-0.291;-0.127;-0.015
-0.01;-0.044;-0.129;-0.056
-0.146;-0.066;0.007;-0.063
-0.222;-0.12;0.02;-0.173
-0.071;-0.327;-0.046;-0.186
-0.002;-0.347;-0.098;-0.046
-0.071;-0.232;-0.127;-0.002
-0.205;-0.083;-0.217;-0.059
-0.137;-0.083;-0.203;-0.063
-0.046;-0.093;-0.034;-0.115
-0.112;-0.168;-0.015;-0.051
-0.12;-0.132;-0.11;0.039
-0.122;-0.273;-0.137;0.027
-0.154;-0.027;-0.142;-0.161
-0.229;0.015;-0.085;-0.339
-0.21;-0.002;-0.081;-0.151
-0.127;-0.137;-0.198;-0.142
-0.176;-0.132;-0.181;-0.122
-0.085;-0.098;-0.076;-0.286
-0.244;-0.144;0.032;-0.154
-0.249;-0.229;-0.037;-0.105
-0.142;-0.251;-0.054;-0.015
-0.098;-0.276;-0.103;-0.146
-0.139;-0.239;-0.09;-0.071
-0.09;-0.134;-0.088;-0.1
-0.002;-0.317;-0.103;-0.156
0.005;-0.173;-0.164;-0.095
-0.056;-0.149;-0.215;-0.234
-0.078;-0.015;-0.146;-0.183
-0.056;-0.029;-0.098;-0.198
-0.188;-0.044;-0.164;-0.042
-0.181;-0.181;-0.237;-0.032
-0.11;-0.11;-0.164;0.046
-0.125;-0.046;-0.061;0.088
-0.234;-0.166;-0.222;0.029
-0.305;0.0;-0.154;-0.022
-0.232;0.154;-0.1;-0.093
-0.181;0.085;-0.054;-0.093
-0.083;-0.181;-0.142;-0.129
0.073;-0.229;-0.083;-0.132
-0.007;-0.176;-0.005;-0.154
-0.151;-0.063;0.015;-0.144
-0.264;-0.095;-0.137;-0.203
-0.076;-0.12;-0.137;-0.159
0.144;-0.183;-0.122;-0.088
0.029;-0.205;-0.09;-0.063
-0.237;-0.103;-0.2;0.012
-0.039;-0.083;-0.183;0.051
0.127;-0.063;-0.122;-0.066
0.105;-0.076;-0.085;-0.007
-0.076;0.061;-0.251;-0.117
-0.19;-0.095;-0.208;-0.105
-0.139;-0.154;-0.146;-0.12
-0.125;-0.139;-0.027;-0.237
-0.222;-0.247;-0.107;-0.237
-0.171;-0.002;-0.146;-0.1
-0.186;-0.068;-0.142;-0.21
-0.332;-0.195;-0.066;-0.144
-0.212;-0.095;-0.063;-0.122
-0.125;-0.085;-0.044;0.054
-0.142;-0.1;-0.117;0.017
-0.122;-0.112;-0.029;-0.032
-0.176;-0.198;-0.085;-0.154
-0.098;-0.181;0.042;-0.002
-0.107;-0.195;0.017;-0.208
-0.171;-0.19;-0.068;-0.195
-0.088;-0.061;-0.156;-0.076
-0.027;-0.178;-0.178;-0.127
-0.002;0.037;-0.042;-0.181
-0.015;-0.237;-0.024;-0.139
-0.103;-0.188;-0.132;0.005
-0.193;-0.195;-0.293;-0.007
-0.1;-0.056;-0.261;0.081
-0.178;-0.095;-0.186;-0.081
-0.2;-0.034;-0.1;-0.039
-0.127;-0.098;-0.122;-0.107
0.0;-0.149;-0.137;-0.149
-0.149;-0.173;-0.129;-0.234
-0.203;-0.105;-0.046;-0.159
-0.181;-0.093;-0.081;-0.2
-0.237;0.024;-0.183;-0.127
-0.227;-0.1;-0.288;-0.183
-0.173;-0.059;-0.154;-0.19
-0.178;-0.227;-0.095;-0.081
-0.015;-0.142;-0.059;-0.083
-0.005;-0.22;-0.132;-0.01
0.002;-0.073;-0.029;-0.073
-0.159;-0.098;-0.059;-0.237
-0.098;-0.095;-0.059;-0.178
-0.039;-0.186;-0.12;-0.068
-0.039;-0.049;-0.208;-0.085
-0.137;0.024;-0.283;-0.132
-0.22;-0.127;-0.176;-0.083
-0.144;-0.085;-0.125;-0.159
-0.122;-0.027;-0.139;0.027
-0.2;-0.022;-0.137;-0.037
-0.295;0.039;-0.183;0.078
-0.186;-0.071;-0.078;-0.059
-0.193;-0.115;0.056;-0.044
-0.195;-0.215;-0.015;-0.093
-0.173;-0.125;-0.139;-0.188
-0.083;-0.049;-0.12;-0.171
-0.142;-0.183;-0.076;-0.159
-0.005;-0.173;-0.037;-0.176
-0.063;-0.164;-0.117;-0.149
-0.166;-0.2;-0.144;-0.073
-0.034;-0.144;-0.139;-0.156
-0.039;-0.168;-0.151;-0.063
-0.039;-0.22;-0.215;-0.032
-0.125;-0.232;-0.229;-0.137
-0.046;-0.244;-0.21;-0.166
-0.149;-0.222;-0.166;-0.183
-0.186;0.007;-0.156;-0.198
-0.222;0.042;-0.046;-0.291
-0.127;0.073;0.076;-0.203
-0.137;-0.293;0.015;-0.127
-0.142;-0.127;-0.166;-0.161
-0.105;-0.125;-0.098;-0.095
-0.183;-0.002;-0.156;-0.093
-0.137;-0.002;-0.105;-0.085
-0.042;-0.078;-0.156;-0.144
-0.037;-0.093;-0.015;-0.032
-0.261;-0.1;-0.044;-0.027
-0.295;-0.051;-0.139;0.005
-0.015;-0.278;-0.183;-0.049
0.151;-0.205;-0.105;-0.181
0.066;-0.01;-0.01;-0.217
-0.117;-0.098;-0.112;-0.156
-0.117;-0.244;-0.103;-0.112
-0.02;-0.215;-0.161;-0.078
0.034;-0.198;-0.144;-0.017
-0.051;-0.181;-0.178;-0.039
-0.256;-0.083;-0.222;-0.093
-0.266;-0.051;-0.164;-0.107
-0.127;-0.171;-0.178;0.107
-0.188;-0.125;-0.176;0.095
-0.33;-0.02;-0.217;0.024
-0.378;-0.068;-0.132;-0.129
-0.203;-0.198;-0.049;-0.151
-0.107;-0.137;0.044;-0.244
-0.237;-0.107;-0.039;-0.2
-0.337;-0.054;-0.093;-0.139
-0.205;-0.078;0.039;-0.159
-0.044;-0.188;-0.027;-0.161
-0.054;-0.195;-0.1;-0.244
-0.054;-0.073;-0.22;-0.081
-0.056;-0.195;-0.242;-0.042
-0.122;-0.159;-0.232;-0.103
-0.063;-0.066;-0.105;-0.095
0.022;-0.11;-0.037;-0.166
-0.027;-0.286;-0.037;-0.154
-0.186;-0.129;-0.107;-0.164
-0.059;-0.122;-0.168;-0.19
0.134;-0.115;-0.205;-0.261
-0.105;0.073;-0.117;-0.178
-0.303;0.11;-0.149;-0.117
-0.325;0.002;-0.132;-0.029
-0.107;-0.12;-0.088;-0.034
-0.095;0.017;-0.105;0.061
-0.168;0.107;-0.09;0.149
-0.154;-0.183;-0.027;-0.088
-0.037;-0.024;0.076;-0.149
-0.159;-0.059;-0.012;-0.208
-0.222;-0.005;-0.107;-0.112
0.015;-0.22;-0.261;-0.073
0.024;-0.256;-0.19;-0.115
-0.039;-0.154;-0.085;-0.154
-0.225;-0.059;-0.095;-0.095
-0.12;-0.161;-0.107;0.002
-0.061;-0.237;-0.227;0.027
-0.085;-0.151;-0.244;-0.005
-0.154;-0.017;-0.21;-0.178
-0.164;-0.134;-0.198;-0.098
-0.176;-0.156;-0.149;-0.159
-0.044;-0.122;-0.078;-0.078
-0.054;-0.078;-0.125;-0.188
-0.251;-0.193;-0.137;-0.137
-0.352;-0.071;-0.107;-0.115
-0.361;-0.129;-0.112;-0.129
-0.183;-0.085;-0.051;-0.02
-0.1;-0.088;-0.103;-0.032
-0.166;0.0;-0.049;-0.168
-0.122;-0.256;-0.056;-0.217
0.071;-0.308;-0.093;-0.217
-0.073;-0.164;-0.164;-0.017
-0.212;-0.198;-0.176;-0.107
-0.11;-0.095;-0.034;-0.234
-0.002;-0.186;-0.056;-0.176
0.054;-0.232;-0.073;-0.205
-0.042;-0.317;-0.151;-0.203
-0.127;-0.117;-0.156;-0.164
-0.156;-0.098;-0.112;-0.098
-0.176;-0.073;-0.127;-0.1
-0.02;-0.103;-0.164;-0.078
0.051;-0.127;-0.237;-0.151
-0.034;-0.161;-0.122;-0.259
-0.178;0.015;-0.1;-0.049
-0.19;0.125;-0.11;-0.195
-0.227;0.044;-0.107;-0.112
-0.234;-0.063;-0.134;-0.21
-0.293;-0.31;-0.002;-0.159
-0.225;-0.254;-0.022;-0.127
-0.198;-0.239;0.022;-0.142
-0.11;-0.085;-0.225;-0.195
-0.005;-0.117;-0.044;-0.103
0.056;-0.139;-0.015;-0.098
-0.129;-0.046;-0.022;-0.195
-0.227;0.09;-0.171;0.066
-0.103;-0.085;-0.266;0.024
0.078;-0.273;-0.168;-0.061
-0.054;-0.183;-0.1;-0.146
-0.178;-0.139;-0.071;0.007
-0.156;-0.01;-0.173;-0.073
-0.1;-0.11;-0.156;-0.071
0.078;-0.117;-0.142;-0.054
0.005;-0.017;-0.107;-0.161
-0.129;-0.022;-0.142;0.042
-0.168;-0.122;-0.22;-0.002
-0.122;-0.115;-0.234;-0.049
-0.239;-0.083;-0.195;-0.007
-0.256;-0.024;-0.142;-0.042
-0.176;-0.063;-0.129;-0.083
0.017;-0.33;-0.164;-0.044
-0.11;-0.183;-0.12;-0.237
-0.349;-0.117;-0.042;-0.095
-0.249;-0.063;-0.059;-0.093
0.061;-0.283;-0.085;-0.312
0.071;-0.039;-0.137;-0.146
-0.144;0.02;-0.159;-0.212
0.046;-0.173;-0.098;-0.242
0.01;-0.173;-0.178;-0.195
-0.09;-0.144;-0.288;-0.103
-0.117;-0.273;-0.139;-0.068
-0.056;-0.159;-0.076;-0.044
-0.178;-0.132;-0.151;-0.125
-0.315;-0.093;-0.078;-0.222
-0.076;-0.322;-0.1;-0.125
-0.002;-0.222;-0.115;-0.178
-0.11;-0.125;-0.144;-0.125
-0.259;-0.037;-0.066;-0.205
-0.098;-0.01;0.046;-0.234
0.081;0.127;0.034;-0.127
-0.061;0.029;-0.005;-0.156
-0.188;-0.046;0.002;-0.127
-0.254;-0.173;-0.078;-0.093
-0.159;-0.125;-0.029;0.017
0.127;-0.21;-0.002;-0.022
0.308;-0.073;-0.032;-0.076
0.012;-0.073;-0.139;-0.081
-0.132;-0.222;-0.166;-0.078
-0.132;-0.312;-0.215;-0.139
-0.034;-0.139;-0.188;-0.115
-0.071;-0.1;-0.154;-0.078
-0.137;-0.227;-0.09;-0.071
-0.19;-0.198;-0.176;-0.044
-0.291;0.039;-0.176;-0.005
-0.327;-0.01;-0.151;0.007
-0.188;-0.125;-0.176;-0.056
-0.107;-0.059;-0.251;-0.044
-0.044;-0.022;-0.242;-0.081
-0.022;-0.1;-0.132;-0.105
-0.168;0.029;-0.032;-0.134
-0.244;0.061;-0.037;-0.059
-0.173;-0.032;-0.063;-0.117
-0.081;-0.088;-0.161;-0.164
0.037;0.0;-0.127;-0.149
-0.049;-0.068;-0.076;-0.237
-0.142;-0.237;-0.112;-0.129
-0.095;-0.217;-0.227;-0.078
0.051;-0.122;-0.237;-0.103
0.056;-0.168;-0.146;-0.171
0.107;-0.168;0.039;-0.122
-0.1;-0.281;-0.081;-0.098
-0.132;-0.273;-0.183;-0.066
0.02;-0.215;-0.312;-0.02
0.042;-0.149;-0.105;-0.137
-0.159;-0.032;0.037;-0.183
-0.281;-0.027;0.049;-0.249
-0.215;-0.063;-0.103;-0.098
-0.127;-0.244;-0.19;-0.017
-0.22;-0.178;-0.129;0.088
-0.286;-0.066;-0.093;-0.161
-0.251;-0.039;-0.017;-0.134
-0.002;0.005;-0.044;-0.056
-0.015;-0.139;-0.085;-0.037
-0.159;-0.125;-0.134;-0.059
-0.164;-0.308;-0.02;-0.164
-0.139;-0.317;0.078;-0.156
-0.171;-0.261;0.044;-0.217
-0.234;-0.071;-0.088;-0.071
-0.037;-0.066;-0.164;-0.076
0.061;-0.051;-0.168;0.017
0.037;-0.093;-0.244;-0.137
-0.161;-0.273;-0.215;-0.027
-0.242;-0.139;-0.234;0.051
-0.342;0.017;-0.173;-0.054
-0.232;0.007;-0.168;-0.056
-0.188;-0.083;-0.151;-0.042
-0.195;0.022;-0.107;-0.098
-0.146;-0.09;0.007;-0.063
-0.156;-0.01;-0.042;-0.066
-0.146;-0.032;-0.09;-0.234
-0.134;0.039;-0.068;-0.122
-0.266;-0.068;-0.122;-0.051
-0.156;-0.1;-0.154;-0.129
-0.176;-0.2;-0.088;-0.056
-0.02;-0.227;-0.049;-0.146
-0.027;-0.234;-0.022;-0.144
0.051;-0.376;-0.061;-0.076
0.044;-0.11;-0.088;-0.022
0.02;-0.115;-0.12;-0.115
-0.005;-0.229;-0.129;-0.115
-0.115;-0.149;-0.137;-0.271
-0.21;-0.061;-0.12;-0.056
-0.051;-0.117;-0.142;-0.144
-0.076;-0.1;-0.142;-0.1
-0.266;-0.112;-0.076;-0.132
-0.21;-0.107;-0.132;-0.107
-0.183;-0.259;-0.105;-0.034
-0.222;-0.249;-0.107;-0.193
-0.215;0.029;-0.117;-0.078
-0.188;0.046;-0.12;-0.11
-0.015;-0.017;0.02;-0.039
0.012;-0.156;-0.12;-0.215
-0.198;-0.129;-0.127;-0.127
-0.449;-0.164;-0.112;-0.068
-0.312;-0.005;-0.117;0.017
-0.098;-0.205;-0.168;-0.171
0.164;-0.161;-0.137;-0.227
-0.037;-0.193;-0.134;-0.098
-0.242;-0.049;-0.217;-0.044
-0.298;-0.132;-0.19;0.024
-0.046;-0.129;-0.205;-0.1
-0.078;-0.166;-0.068;-0.034
-0.266;-0.046;-0.083;-0.09
-0.281;0.042;-0.11;-0.01
-0.237;-0.115;-0.212;-0.063
-0.188;-0.176;-0.144;-0.076
-0.125;0.039;-0.039;-0.19
-0.229;0.093;-0.007;-0.173
-0.308;-0.154;-0.166;-0.203
-0.308;-0.142;-0.117;-0.208
-0.269;-0.132;-0.039;-0.12
-0.212;-0.176;-0.002;-0.137
-0.005;-0.139;-0.063;-0.049
0.002;-0.125;0.002;-0.09
0.027;-0.002;-0.088;-0.132
-0.139;-0.085;0.027;-0.203
-0.11;-0.137;0.029;-0.093
0.012;-0.188;-0.081;0.015
-0.164;0.005;-0.22;-0.125
-0.256;-0.117;-0.203;-0.073
-0.176;-0.09;-0.215;-0.098
-0.046;0.002;-0.129;-0.005
-0.098;-0.061;-0.156;-0.2
-0.117;-0.056;-0.198;-0.173
-0.002;-0.151;-0.093;-0.205
-0.237;-0.11;0.046;-0.173
-0.364;-0.088;-0.107;-0.098
-0.288;-0.022;-0.2;-0.146
-0.071;-0.156;-0.144;-0.11
-0.247;-0.11;0.024;-0.115
-0.298;-0.002;-0.049;-0.127
-0.244;-0.002;-0.22;-0.215
-0.059;-0.391;-0.164;-0.173
0.061;-0.474;-0.127;-0.225
-0.059;-0.273;-0.127;-0.242
-0.117;-0.244;-0.173;-0.115
-0.049;-0.01;-0.188;-0.007
0.076;-0.117;-0.146;-0.244
0.112;-0.137;-0.085;-0.317
0.076;-0.215;0.002;-0.117
-0.117;-0.061;-0.076;-0.115
-0.208;-0.161;-0.164;-0.01
-0.098;-0.215;-0.217;-0.066
-0.054;0.061;-0.117;-0.117
-0.264;0.107;0.002;-0.012
-0.374;0.076;-0.127;-0.054
-0.1;-0.02;-0.232;0.117
-0.127;-0.1;-0.237;-0.078
-0.281;-0.049;-0.032;0.032
-0.393;-0.032;-0.071;-0.068
-0.22;-0.029;-0.046;0.0
-0.125;-0.181;-0.095;-0.144
-0.227;-0.195;-0.044;-0.149
-0.269;-0.078;-0.037;-0.12
-0.212;-0.142;-0.012;-0.042
-0.073;-0.298;-0.125;-0.1
0.0;-0.183;-0.176;-0.1
-0.054;-0.095;-0.09;-0.125
-0.093;-0.305;-0.046;-0.127
0.034;-0.376;-0.212;-0.171
-0.034;-0.242;-0.283;-0.078
-0.188;-0.181;-0.305;-0.125
-0.056;-0.183;-0.081;-0.129
-0.078;-0.278;-0.027;-0.137
-0.122;0.049;-0.103;-0.22
-0.156;-0.151;-0.286;-0.093
-0.061;-0.103;-0.186;-0.056
-0.22;-0.168;-0.078;-0.32
-0.347;0.061;-0.015;-0.225
-0.251;0.103;-0.107;-0.081
-0.251;-0.146;-0.156;-0.132
-0.059;-0.254;-0.22;-0.278
-0.088;-0.125;-0.129;-0.105
-0.334;0.12;-0.095;-0.112
-0.33;-0.117;-0.098;-0.139
-0.032;-0.12;-0.105;-0.146
0.076;-0.208;-0.049;-0.156
-0.046;-0.005;0.039;-0.115
-0.161;-0.054;-0.103;-0.242
-0.046;-0.244;-0.134;-0.059
0.046;-0.308;-0.127;-0.1
-0.034;-0.178;-0.068;-0.09
-0.176;0.029;-0.11;-0.046
-0.3;-0.054;-0.183;0.066
-0.159;-0.159;-0.181;-0.051
-0.164;-0.11;-0.107;-0.042
-0.276;-0.078;-0.154;-0.068
-0.166;0.107;-0.142;0.017
-0.229;0.098;-0.215;-0.105
-0.21;-0.083;-0.139;-0.085
-0.105;0.017;-0.01;0.01
-0.234;-0.095;0.01;-0.154
-0.244;-0.122;-0.129;-0.215
-0.01;-0.332;-0.21;-0.098
0.054;-0.334;-0.146;-0.098
-0.115;-0.085;0.005;-0.193
-0.203;-0.146;0.012;-0.183
-0.01;-0.361;-0.142;-0.161
0.181;-0.349;-0.105;-0.176
-0.005;-0.293;-0.046;-0.164
-0.083;-0.127;-0.059;-0.256
-0.237;-0.122;-0.024;-0.31
-0.276;-0.225;-0.146;-0.256
-0.144;-0.178;-0.188;-0.063
-0.183;-0.061;-0.186;-0.105
-0.178;-0.144;-0.217;-0.137
-0.154;-0.251;-0.059;-0.146
-0.168;-0.132;0.029;-0.251
-0.259;0.054;-0.078;-0.186
-0.378;-0.063;-0.234;-0.127
-0.266;-0.059;-0.183;-0.107
-0.068;-0.154;-0.056;-0.127
-0.164;-0.11;0.068;-0.159
-0.215;-0.095;-0.071;-0.227
-0.239;0.0;-0.137;0.066
0.024;-0.261;-0.017;0.054
-0.122;-0.256;-0.017;-0.09
-0.374;-0.173;-0.181;-0.117
-0.31;-0.137;-0.115;0.071
-0.029;-0.103;-0.176;-0.122
-0.034;-0.195;-0.164;-0.129
-0.125;-0.032;-0.173;-0.061
-0.293;-0.093;-0.066;-0.112
-0.229;-0.156;-0.081;-0.227
-0.134;-0.203;-0.156;-0.029
-0.144;0.051;-0.161;0.01
-0.134;-0.083;-0.107;-0.068
-0.181;0.007;-0.151;-0.037
-0.403;-0.005;-0.273;-0.125
-0.212;-0.051;-0.164;-0.159
-0.12;-0.234;-0.083;-0.181
-0.034;-0.107;-0.139;-0.161
-0.212;0.012;-0.085;-0.188
-0.217;-0.09;-0.181;-0.159
-0.237;-0.203;-0.105;-0.09
-0.015;-0.166;-0.088;-0.291
0.0;-0.151;0.015;-0.1
0.037;-0.156;-0.071;-0.156
-0.024;-0.012;-0.085;-0.115
-0.134;-0.229;-0.151;-0.161
-0.125;-0.19;-0.1;0.022
0.02;-0.178;-0.2;-0.234
-0.002;-0.015;-0.19;-0.154
-0.181;0.076;-0.186;-0.2
-0.19;-0.078;-0.083;-0.332
-0.283;-0.049;-0.068;-0.12
-0.332;-0.09;-0.056;-0.156
0.0;-0.129;-0.151;-0.159
0.112;-0.078;-0.234;0.012
-0.134;-0.129;-0.049;0.105
-0.403;-0.015;-0.029;-0.139
-0.415;-0.007;-0.066;-0.107
-0.144;-0.122;-0.073;-0.186
0.039;-0.09;-0.09;-0.129
-0.127;-0.139;-0.247;-0.059
-0.195;0.095;-0.085;0.039
-0.261;-0.022;0.037;-0.286
-0.132;-0.144;0.046;-0.205
0.044;-0.312;-0.154;-0.144
0.081;-0.2;0.063;0.002
-0.186;-0.122;-0.178;-0.281
-0.134;-0.081;-0.154;0.081
-0.122;-0.054;-0.415;-0.293
-0.054;-0.21;0.017;0.117
-0.161;-0.183;0.012;-0.276
-0.227;-0.212;-0.105;-0.12
-0.203;-0.078;-0.344;0.042
-0.271;0.027;-0.215;-0.103
-0.334;-0.134;-0.137;-0.1
-0.369;-0.081;-0.056;-0.017
-0.247;-0.354;-0.002;-0.173
-0.178;-0.315;-0.254;-0.144
-0.195;-0.132;0.051;0.269
-0.3;-0.115;-0.024;-0.237
-0.237;-0.068;0.125;0.125
-0.024;-0.056;-0.212;-0.415
-0.242;-0.317;-0.078;-0.073
-0.117;-0.1;-0.217;-0.144
-0.195;-0.042;-0.039;0.066
-0.098;-0.107;-0.203;-0.059
-0.093;-0.303;0.0;-0.032
0.059;-0.334;0.015;-0.332
-0.071;-0.195;-0.105;-0.098
-0.171;-0.066;-0.354;-0.032
-0.237;-0.083;-0.146;-0.188
-0.183;-0.078;-0.149;-0.198
-0.12;0.02;-0.051;-0.254
-0.156;-0.281;-0.083;-0.161
-0.078;-0.22;-0.054;-0.059
-0.139;-0.132;-0.151;-0.186
-0.205;-0.046;-0.117;0.007
-0.181;0.071;-0.085;0.002
-0.02;-0.022;-0.022;-0.247
-0.049;-0.417;-0.281;-0.212
-0.186;-0.149;-0.352;-0.222
-0.11;-0.425;-0.046;-0.366
0.005;-0.256;0.0;-0.139
0.093;-0.215;-0.129;-0.295
0.061;-0.203;-0.1;-0.227
-0.076;-0.115;-0.073;-0.129
-0.156;-0.083;-0.266;0.017
-0.139;0.042;-0.21;-0.044
0.0;-0.061;-0.066;-0.042
-0.051;-0.195;-0.059;-0.12
-0.068;-0.312;-0.027;-0.037
-0.107;-0.256;-0.198;-0.054
-0.247;-0.115;-0.183;-0.11
-0.391;0.098;-0.327;-0.11
-0.188;0.059;-0.056;0.012
-0.107;-0.081;-0.056;-0.237
-0.132;0.0;-0.056;-0.066
-0.396;-0.149;-0.33;-0.095
-0.286;-0.176;-0.137;-0.037
-0.159;-0.339;-0.186;-0.234
-0.09;-0.032;0.005;-0.1
-0.161;-0.183;-0.088;-0.286
-0.164;-0.217;-0.115;-0.117
-0.073;-0.2;-0.122;-0.103
-0.171;-0.208;-0.105;-0.095
0.01;-0.264;0.002;-0.171
0.01;-0.208;-0.039;-0.212
-0.129;0.037;-0.146;-0.073
-0.308;-0.046;-0.239;-0.063
-0.222;0.134;-0.193;-0.107
0.022;-0.076;-0.164;-0.215
0.029;-0.129;-0.117;-0.142
-0.063;-0.1;-0.144;-0.12
-0.239;-0.171;-0.173;-0.127
-0.254;-0.112;-0.068;-0.134
-0.022;-0.017;-0.156;-0.085
-0.017;0.027;-0.139;-0.139
-0.007;-0.09;-0.085;-0.137
-0.244;0.063;-0.12;-0.11
-0.269;-0.098;-0.142;-0.137
-0.11;-0.159;-0.11;-0.127
-0.051;-0.359;-0.024;-0.139
-0.151;-0.41;-0.027;-0.088
-0.293;-0.039;-0.122;-0.183
-0.293;-0.151;-0.205;-0.049
0.037;-0.21;-0.154;-0.034
0.098;-0.137;-0.085;-0.22
-0.032;-0.007;-0.059;-0.183
-0.044;-0.225;-0.137;-0.12
-0.056;-0.085;-0.129;-0.032
-0.151;0.022;-0.188;-0.181
-0.195;-0.088;-0.088;-0.005
-0.154;-0.1;-0.132;-0.222
-0.164;0.115;-0.002;-0.085
-0.317;-0.007;-0.112;-0.063
-0.168;0.012;-0.176;-0.01
-0.029;-0.203;-0.171;-0.061
-0.083;0.029;-0.061;-0.134
-0.093;0.042;-0.032;-0.171
-0.137;-0.125;-0.117;-0.154
-0.139;-0.115;-0.161;-0.083
-0.085;-0.144;-0.188;-0.239
-0.029;-0.095;-0.107;-0.095
0.066;-0.278;-0.081;-0.12
-0.034;-0.181;-0.103;-0.054
-0.183;-0.229;-0.139;-0.127
-0.176;-0.02;-0.088;-0.181
-0.088;-0.322;-0.076;-0.244
0.11;-0.168;-0.11;-0.105
0.112;-0.232;-0.176;-0.129
-0.061;0.01;-0.129;-0.203
-0.254;-0.037;-0.154;-0.151
-0.205;0.044;-0.12;-0.149
-0.208;-0.066;-0.078;0.037
-0.225;-0.181;-0.154;-0.083
-0.2;-0.112;-0.261;-0.068
-0.244;-0.186;-0.117;-0.022
-0.349;-0.137;-0.081;-0.132
-0.222;-0.015;-0.042;-0.229
-0.051;-0.002;-0.142;-0.127
0.027;-0.059;-0.095;-0.176
-0.159;-0.037;-0.049;-0.193
-0.21;-0.081;-0.042;-0.095
-0.181;-0.1;-0.042;-0.107
-0.061;-0.129;-0.105;-0.081
-0.061;-0.295;-0.09;-0.051
-0.002;-0.21;-0.166;-0.02
-0.195;-0.132;-0.139;-0.044
-0.291;-0.105;-0.127;-0.088
-0.112;-0.315;-0.122;-0.139
-0.02;-0.061;-0.181;-0.154
-0.005;-0.229;-0.125;-0.132
-0.215;-0.159;-0.061;-0.193
-0.22;-0.088;-0.046;-0.112
-0.229;-0.049;-0.107;-0.154
-0.159;-0.093;-0.156;-0.054
-0.261;0.027;-0.134;-0.056
-0.154;-0.09;-0.098;0.015
-0.056;-0.176;-0.11;-0.093
-0.21;-0.222;-0.022;-0.095
-0.183;-0.11;-0.081;0.0
-0.139;-0.066;-0.137;-0.042
-0.029;-0.134;-0.137;-0.112
-0.056;-0.02;0.015;-0.195
-0.117;-0.249;-0.017;-0.188
-0.027;-0.178;-0.122;-0.183
0.039;-0.193;-0.144;-0.059
-0.046;-0.222;-0.164;-0.105
-0.01;-0.061;-0.12;-0.085
0.095;-0.088;-0.161;-0.112
-0.032;-0.161;-0.19;-0.093
-0.117;-0.132;-0.212;-0.139
-0.071;0.029;-0.159;-0.156
-0.159;-0.129;-0.071;-0.208
-0.129;-0.132;-0.024;-0.215
-0.176;-0.227;-0.088;-0.149
-0.21;-0.054;-0.081;-0.127
-0.276;-0.137;-0.134;-0.129
-0.164;-0.161;-0.09;-0.188
-0.056;-0.149;-0.063;-0.181
-0.081;-0.132;-0.081;-0.12
-0.259;-0.103;-0.105;-0.088
-0.295;-0.156;-0.129;-0.081
-0.134;-0.195;-0.046;-0.198
-0.039;-0.386;-0.01;-0.066
-0.134;-0.2;-0.171;-0.129
-0.144;-0.271;-0.256;-0.071
-0.11;-0.129;-0.166;-0.039
0.088;-0.19;-0.068;-0.061
0.017;0.056;-0.088;-0.227
-0.298;-0.388;-0.176;-0.076
-0.347;0.103;-0.234;-0.154
-0.22;-0.085;-0.054;0.088
-0.178;0.393;-0.098;0.042
-0.046;-0.105;-0.078;-0.31
-0.039;0.007;-0.215;-0.212
-0.049;-0.149;0.017;0.203
-0.5;-0.11;-0.283;-0.078
-0.312;-0.032;-0.137;-0.095
-0.183;-0.251;-0.032;0.083
-0.103;-0.288;0.049;-0.278
-0.208;-0.269;-0.029;-0.203
-0.186;0.024;-0.208;0.024
-0.088;-0.193;-0.19;-0.156
-0.042;-0.215;-0.22;-0.178
0.046;-0.129;0.039;-0.103
-0.039;-0.249;-0.022;-0.188
-0.239;-0.195;-0.024;-0.195
0.024;-0.129;-0.168;-0.01
-0.112;-0.303;-0.186;-0.129
-0.012;-0.205;-0.181;0.088
-0.134;0.1;-0.144;-0.095
-0.037;-0.151;-0.068;-0.159
-0.139;-0.259;-0.168;-0.107
-0.278;-0.063;-0.09;-0.056
-0.356;-0.105;-0.212;-0.283
-0.049;-0.122;-0.098;-0.137
0.042;-0.266;-0.159;-0.161
-0.161;0.098;0.024;-0.21
-0.276;0.02;-0.024;-0.127
-0.19;-0.002;-0.066;-0.115
-0.039;-0.344;-0.181;-0.151
-0.193;-0.173;-0.122;-0.046
-0.21;-0.269;-0.151;-0.107
-0.071;-0.115;-0.076;-0.027
-0.078;-0.247;-0.11;-0.142
-0.071;-0.234;-0.11;-0.139
-0.059;-0.229;-0.085;-0.11
-0.012;-0.073;-0.088;0.0
-0.212;-0.029;-0.098;-0.173
-0.059;-0.112;-0.149;-0.1
-0.149;-0.203;-0.161;-0.09
-0.154;-0.085;-0.144;-0.107
-0.254;-0.01;-0.12;0.002
-0.193;0.044;-0.081;-0.068
-0.151;-0.029;-0.12;-0.115
-0.164;0.117;-0.215;-0.176
-0.154;-0.044;-0.154;-0.117
-0.093;-0.107;-0.105;-0.186
-0.044;-0.239;-0.1;-0.21
-0.217;-0.105;-0.105;-0.325
-0.293;-0.154;-0.044;-0.107
-0.034;0.015;-0.193;-0.168
0.198;-0.132;-0.095;-0.078
0.032;-0.122;-0.107;-0.107
-0.266;-0.122;-0.034;-0.193
-0.146;-0.212;-0.137;-0.117
0.071;-0.259;-0.154;-0.061
0.085;-0.154;-0.247;-0.078
-0.039;0.007;-0.105;-0.117
-0.222;-0.129;-0.017;-0.2
-0.098;-0.083;0.0;-0.3
0.037;0.068;-0.154;-0.142
-0.012;0.022;-0.259;0.007
-0.205;0.044;-0.22;-0.139
-0.173;0.039;-0.142;-0.151
-0.242;-0.039;-0.063;-0.151
-0.1;-0.002;-0.056;-0.034
-0.125;-0.11;-0.154;-0.081
-0.02;-0.002;-0.164;-0.11
-0.12;-0.234;-0.144;-0.193
-0.142;-0.083;-0.056;-0.154
-0.173;-0.063;-0.049;-0.164
-0.149;-0.071;-0.129;-0.154
-0.051;-0.154;-0.203;-0.168
0.005;-0.144;-0.076;-0.186
0.042;-0.217;-0.056;-0.095
-0.015;-0.061;-0.061;-0.127
-0.066;-0.017;-0.127;-0.107
-0.088;-0.237;-0.129;-0.144
0.059;-0.073;-0.173;-0.139
-0.1;-0.51;-0.056;-0.139
-0.193;0.229;-0.139;-0.159
-0.447;-0.254;-0.076;0.039
-0.215;0.576;-0.027;0.107
0.076;-0.227;-0.11;-0.32
-0.017;-0.034;-0.063;-0.159
-0.051;-0.283;0.017;0.12
-0.354;0.093;-0.11;0.076
-0.244;-0.059;-0.217;0.115
0.21;-0.288;-0.125;0.044
0.044;-0.481;-0.088;-0.354
-0.293;-0.034;0.103;0.002
-0.583;-0.066;-0.208;-0.017
-0.178;-0.115;-0.239;-0.107
0.154;-0.522;-0.2;-0.188
0.083;-0.129;0.117;-0.166
-0.183;-0.178;0.027;-0.247
-0.273;-0.032;-0.1;-0.117
0.103;-0.393;-0.166;0.012
0.195;-0.129;-0.161;-0.125
-0.073;0.017;-0.01;-0.022
-0.359;0.127;-0.146;-0.039
-0.122;-0.073;-0.181;-0.007
-0.125;-0.278;-0.181;-0.088
-0.325;0.037;-0.117;-0.142
-0.342;-0.044;-0.127;-0.061
-0.105;0.042;-0.054;-0.032
0.105;-0.232;-0.066;-0.254
-0.142;-0.081;-0.015;-0.159
-0.366;0.088;-0.129;-0.181
-0.244;-0.227;-0.071;-0.088
0.044;-0.286;-0.098;-0.137
0.037;-0.354;-0.105;-0.149
-0.117;-0.134;-0.11;-0.115
-0.269;-0.037;-0.027;-0.078
-0.176;-0.308;-0.176;-0.059
0.127;-0.303;-0.164;-0.168
0.32;-0.386;-0.093;-0.139
0.105;0.034;-0.115;-0.247
-0.103;-0.173;-0.122;-0.142
-0.059;0.027;-0.195;-0.144
0.0;-0.015;-0.137;-0.134
-0.415;-0.049;-0.19;-0.127
-0.278;-0.081;-0.098;-0.027
-0.007;-0.117;-0.076;-0.242
-0.103;-0.125;-0.037;-0.193
-0.288;-0.115;-0.168;-0.044
-0.208;0.229;-0.142;-0.039
-0.168;-0.308;-0.093;-0.146
-0.098;-0.308;-0.027;-0.139
-0.149;-0.178;0.005;-0.244
-0.259;0.066;0.01;-0.156
-0.332;-0.115;-0.059;-0.1
-0.049;-0.105;-0.083;-0.09
0.007;-0.161;-0.115;-0.107
-0.056;-0.061;-0.132;0.029
-0.137;-0.159;-0.105;0.024
-0.078;-0.063;-0.117;-0.176
0.046;-0.486;-0.022;-0.205
-0.017;-0.237;-0.076;-0.078
-0.051;-0.239;-0.137;-0.137
-0.161;-0.029;-0.144;-0.188
-0.061;-0.22;-0.129;-0.176
-0.095;-0.007;-0.198;-0.198
-0.171;0.063;-0.112;-0.095
-0.229;-0.01;-0.122;-0.098
-0.173;-0.181;-0.151;-0.11
0.037;-0.164;-0.154;-0.095
-0.137;-0.095;-0.09;-0.042
-0.183;-0.029;-0.059;-0.137
-0.149;-0.039;-0.117;-0.093
-0.076;-0.073;-0.1;-0.22
-0.227;-0.083;-0.049;-0.198
-0.225;0.044;-0.056;-0.276
-0.046;-0.105;-0.144;-0.149
0.056;-0.168;-0.173;-0.139
0.11;-0.332;-0.132;-0.234
0.059;-0.125;0.017;-0.149
-0.015;-0.22;-0.029;-0.122
-0.176;-0.078;-0.173;0.032
-0.088;-0.137;-0.239;0.063
-0.02;-0.122;-0.217;-0.01
-0.059;0.061;-0.085;-0.12
-0.1;-0.076;-0.01;-0.19
-0.142;-0.151;-0.103;-0.076
-0.298;-0.239;-0.146;-0.081
-0.42;0.029;-0.188;-0.027
-0.361;-0.256;-0.09;-0.176
-0.166;-0.293;0.044;-0.071
-0.046;-0.146;-0.024;-0.146
-0.154;0.01;-0.09;-0.024
-0.132;-0.002;-0.305;0.032
0.02;-0.049;-0.11;-0.132
-0.073;-0.063;-0.024;-0.305
0.017;-0.12;0.022;-0.276
0.027;-0.22;-0.127;-0.161
0.134;-0.132;-0.166;-0.027
-0.046;-0.156;-0.168;-0.042
0.01;-0.232;-0.122;-0.217
0.125;-0.02;-0.068;-0.171
0.054;-0.103;-0.061;-0.193
0.039;0.012;-0.112;-0.149
0.061;-0.278;-0.203;-0.134
-0.005;-0.017;-0.166;-0.103
-0.095;-0.225;-0.11;-0.081
0.0;-0.054;-0.049;-0.063
-0.19;-0.271;-0.139;-0.076
-0.244;-0.029;-0.183;-0.093
-0.176;0.078;-0.034;-0.122
-0.068;-0.081;0.0;-0.178
-0.046;-0.173;-0.015;-0.061
-0.188;-0.081;-0.122;-0.078
-0.203;0.137;-0.146;-0.098
-0.156;-0.12;-0.085;-0.222
-0.203;-0.029;-0.022;-0.156
-0.112;-0.166;-0.093;-0.068
-0.042;-0.088;-0.137;-0.005
-0.046;-0.212;-0.173;0.005
-0.029;-0.222;-0.088;-0.105
-0.063;-0.144;0.007;-0.042
-0.154;-0.269;-0.088;-0.063
-0.171;-0.198;-0.168;-0.005
-0.183;-0.059;-0.198;-0.095
-0.059;-0.151;-0.161;-0.059
-0.071;-0.198;-0.022;-0.073
-0.137;-0.171;-0.095;-0.122
-0.298;-0.161;-0.161;-0.068
-0.168;-0.066;-0.264;-0.081
-0.051;-0.171;-0.193;-0.022
-0.088;-0.09;-0.144;-0.1
-0.212;-0.027;-0.078;-0.1
-0.222;-0.11;-0.107;-0.181
0.056;-0.222;-0.156;-0.117
-0.063;-0.237;-0.193;-0.132
-0.154;-0.173;-0.122;-0.12
-0.198;-0.144;-0.056;-0.208
-0.076;-0.21;-0.1;-0.222
0.203;-0.171;-0.171;-0.12
0.112;-0.093;-0.19;-0.112
0.039;-0.066;-0.195;-0.107
-0.037;-0.095;-0.103;-0.134
-0.005;-0.166;-0.144;-0.256
-0.139;-0.222;-0.105;-0.137
-0.127;-0.134;-0.127;-0.059
-0.112;0.032;-0.059;-0.127
-0.156;0.005;-0.125;-0.139
-0.005;-0.137;-0.105;-0.125
-0.088;-0.208;-0.098;-0.093
-0.066;-0.164;-0.127;-0.029
-0.232;0.02;-0.127;-0.154
-0.181;-0.007;-0.098;-0.107
-0.149;0.056;-0.076;-0.261
-0.071;-0.178;0.005;-0.066
0.068;-0.22;-0.059;-0.071
-0.159;-0.161;-0.1;-0.088
-0.242;0.068;-0.049;-0.171
-0.31;0.051;-0.044;-0.159
-0.098;-0.178;-0.059;-0.076
-0.061;-0.264;-0.093;-0.02
0.005;-0.195;-0.149;-0.09
0.059;-0.188;-0.127;-0.122
0.054;-0.181;-0.078;-0.073
-0.032;-0.129;-0.156;-0.09
-0.115;-0.032;-0.186;-0.095
-0.117;-0.066;-0.193;-0.1
-0.029;-0.195;-0.188;-0.095
-0.088;-0.115;-0.146;-0.195
-0.286;-0.083;-0.11;-0.132
-0.176;-0.12;-0.098;-0.085
-0.117;-0.232;-0.146;-0.171
-0.2;-0.183;-0.095;-0.085
-0.078;-0.059;-0.134;-0.117
-0.054;-0.015;-0.093;-0.076
-0.11;-0.161;-0.142;-0.183
-0.059;-0.164;-0.095;-0.159
0.02;-0.054;-0.115;-0.117
-0.208;-0.112;-0.137;-0.093
-0.166;-0.083;-0.125;-0.137
-0.032;-0.083;-0.095;-0.154
0.071;-0.132;-0.081;-0.11
-0.085;-0.146;-0.112;-0.071
-0.103;-0.076;-0.173;-0.022
-0.095;-0.115;-0.156;-0.073
-0.098;-0.144;-0.095;-0.132
-0.042;0.132;-0.11;-0.081
-0.002;-0.176;-0.144;-0.093
0.112;-0.1;-0.081;-0.005
-0.107;-0.161;-0.166;-0.117
-0.193;-0.005;-0.11;-0.056
-0.208;-0.195;-0.032;-0.09
-0.312;-0.125;-0.127;-0.107
-0.269;-0.054;-0.059;-0.01
-0.039;-0.164;-0.105;-0.11
0.049;-0.051;-0.029;-0.142
-0.168;0.005;-0.073;-0.085
-0.205;0.029;-0.115;-0.112
0.044;-0.181;-0.083;-0.071
0.029;-0.134;-0.054;-0.134
-0.107;-0.005;-0.073;-0.122
-0.107;-0.125;-0.061;-0.105
0.007;-0.139;-0.037;-0.139
-0.093;-0.054;-0.139;-0.154
-0.198;-0.176;-0.112;-0.059
-0.137;-0.312;-0.107;-0.037
-0.137;-0.217;-0.1;-0.095
-0.103;-0.137;-0.149;-0.046
0.071;-0.11;-0.132;-0.071
-0.1;-0.012;-0.139;-0.024
-0.393;-0.027;-0.125;-0.059
-0.334;-0.193;-0.129;-0.071
-0.105;-0.105;-0.071;-0.076
-0.107;-0.09;-0.105;-0.088
-0.264;-0.022;-0.137;-0.034
-0.225;-0.12;-0.095;-0.125
-0.134;-0.068;-0.144;-0.176
-0.129;-0.112;-0.12;-0.122
-0.083;-0.076;-0.132;-0.1
-0.137;-0.132;-0.063;-0.063
-0.024;-0.105;-0.195;-0.037
-0.044;-0.208;-0.139;-0.061
-0.103;-0.229;-0.051;-0.115
-0.186;-0.134;-0.127;-0.093
-0.144;-0.22;-0.159;-0.186
-0.088;-0.303;-0.166;-0.1
-0.049;-0.271;-0.117;-0.188
-0.171;-0.049;-0.144;-0.171
-0.222;-0.21;-0.129;-0.149
-0.203;-0.205;-0.127;-0.193
-0.095;-0.195;-0.117;-0.259
0.005;-0.068;-0.132;-0.176
-0.117;-0.183;-0.078;-0.151
-0.212;-0.142;-0.127;-0.183
-0.273;-0.083;-0.144;-0.115
-0.225;0.046;-0.09;-0.176
0.01;0.093;-0.095;-0.149
-0.042;-0.181;-0.071;-0.095
-0.076;-0.085;-0.09;-0.076
-0.195;-0.144;-0.125;-0.093
-0.063;-0.229;-0.125;-0.144
-0.054;-0.347;0.005;-0.129
-0.078;-0.11;-0.061;-0.093
-0.144;-0.115;-0.188;0.02
-0.122;-0.027;-0.281;-0.037
-0.061;-0.054;-0.217;-0.076
-0.222;0.007;-0.046;-0.073
-0.188;-0.095;-0.054;-0.022
-0.251;-0.107;-0.115;-0.078
-0.208;-0.107;-0.188;0.015
-0.188;-0.088;-0.137;-0.029
-0.166;-0.066;-0.032;-0.032
0.022;-0.103;-0.059;-0.071
-0.078;-0.042;-0.149;-0.122
-0.264;-0.115;-0.156;-0.103
-0.347;-0.068;-0.137;-0.078
-0.288;-0.032;-0.171;-0.061
-0.142;0.032;-0.115;-0.107
0.034;-0.1;-0.088;-0.071
-0.134;-0.269;-0.039;-0.264
-0.2;-0.227;0.002;-0.117
-0.061;-0.183;-0.144;-0.132
-0.044;-0.349;-0.205;-0.078
-0.071;-0.144;-0.222;-0.186
0.061;-0.171;-0.105;-0.183
0.161;-0.02;-0.044;-0.039
-0.115;-0.386;-0.095;-0.188
0.076;0.022;-0.327;-0.295
-0.129;-0.212;-0.139;-0.022
-0.161;-0.039;-0.166;-0.088
-0.127;-0.049;-0.168;-0.19
0.017;-0.068;-0.149;-0.225
-0.193;-0.225;-0.024;-0.188
-0.491;0.161;-0.107;-0.225
-0.332;0.154;-0.168;0.032
-0.034;-0.061;-0.242;-0.078
0.146;-0.229;-0.156;-0.137
-0.098;0.103;0.044;-0.186
-0.381;-0.1;-0.034;-0.173
-0.349;-0.171;-0.12;-0.063
0.083;-0.344;-0.212;0.11
0.01;-0.222;-0.159;-0.186
-0.234;-0.127;-0.122;-0.037
-0.381;-0.168;-0.142;-0.059
-0.039;-0.239;-0.078;-0.159
0.049;-0.283;-0.22;-0.054
-0.237;-0.081;-0.225;-0.125
-0.195;-0.068;-0.205;-0.137
-0.164;-0.146;-0.063;0.007
0.095;-0.212;-0.156;-0.11
0.015;-0.017;-0.09;-0.217
-0.186;0.029;-0.156;-0.034
-0.212;-0.107;-0.198;0.01
-0.029;-0.044;-0.168;-0.039
-0.164;0.107;-0.1;-0.005
-0.327;0.002;-0.134;-0.193
-0.251;-0.049;-0.039;-0.183
-0.017;-0.127;-0.039;-0.151
-0.059;-0.303;-0.088;-0.244
-0.088;-0.227;-0.005;-0.171
-0.093;-0.085;-0.042;-0.149
-0.132;0.051;-0.103;-0.278
-0.325;-0.188;-0.144;-0.015
0.007;-0.142;-0.168;-0.024
-0.032;-0.403;-0.095;-0.266
-0.144;0.01;-0.142;-0.237
-0.273;-0.142;-0.085;-0.066
0.007;0.176;-0.107;0.063
0.132;-0.137;-0.112;-0.129
0.112;-0.12;-0.066;-0.232
-0.203;-0.347;0.034;-0.122
-0.53;-0.017;-0.095;-0.046
-0.266;-0.215;-0.168;0.054
-0.178;-0.178;-0.142;-0.039
-0.239;-0.31;-0.068;-0.281
-0.159;0.076;-0.007;-0.149
-0.447;-0.049;-0.029;0.007
-0.344;-0.007;-0.154;-0.081
-0.005;-0.22;-0.156;-0.154
0.144;-0.01;-0.002;-0.222
-0.042;-0.173;0.01;-0.137
-0.273;-0.181;-0.129;-0.029
0.0;-0.303;-0.107;0.027
-0.01;-0.134;-0.11;-0.193
-0.186;-0.051;-0.046;-0.066
-0.049;0.088;-0.168;-0.066
-0.007;-0.122;-0.195;-0.117
-0.103;-0.088;-0.156;-0.061
-0.337;-0.044;-0.168;-0.291
-0.115;-0.007;-0.144;-0.11
0.139;-0.186;-0.144;-0.056
0.076;-0.132;-0.2;-0.034
-0.144;-0.024;-0.215;-0.122
-0.471;-0.017;-0.085;-0.054
-0.466;-0.098;-0.046;-0.085
-0.242;-0.037;-0.078;-0.032
-0.095;-0.129;-0.154;-0.112
-0.09;-0.103;-0.098;-0.117
-0.295;-0.112;-0.083;-0.12
-0.347;-0.056;-0.068;-0.073
-0.183;-0.134;-0.142;-0.02
-0.093;-0.2;-0.071;-0.09
-0.071;-0.161;-0.103;-0.188
-0.298;-0.173;-0.117;-0.068
-0.137;-0.371;-0.176;0.005
-0.098;-0.293;-0.178;-0.095
-0.076;-0.056;-0.132;-0.105
-0.398;-0.034;-0.093;-0.115
-0.288;-0.085;-0.12;-0.176
-0.178;-0.068;-0.217;-0.188
-0.249;-0.046;-0.112;-0.217
-0.229;0.024;-0.105;-0.208
-0.044;-0.027;-0.051;-0.288
-0.015;0.042;-0.078;-0.149
-0.217;-0.242;-0.129;-0.159
-0.264;-0.21;-0.156;-0.051
-0.3;-0.178;-0.178;-0.156
-0.366;-0.007;-0.093;-0.176
-0.137;-0.205;-0.134;-0.178
0.068;-0.244;-0.098;-0.188
-0.049;-0.186;-0.161;-0.088
-0.229;-0.176;-0.127;-0.11
-0.137;-0.095;-0.103;-0.122
-0.051;-0.103;-0.134;-0.139
0.066;-0.227;-0.144;-0.12
-0.022;-0.073;-0.176;-0.142
-0.112;-0.149;-0.168;-0.095
-0.085;-0.149;-0.215;-0.088
-0.11;0.032;-0.208;-0.137
-0.322;0.073;-0.188;-0.044
-0.222;-0.122;-0.159;-0.078
-0.107;-0.132;-0.12;0.002
-0.261;-0.024;-0.173;-0.076
-0.398;0.078;-0.164;-0.054
-0.3;-0.015;-0.1;-0.088
-0.103;-0.137;-0.081;-0.122
-0.095;-0.173;-0.09;-0.161
-0.188;-0.151;-0.076;-0.146
-0.266;-0.203;-0.017;-0.1
-0.183;-0.098;-0.056;-0.203
-0.095;-0.156;-0.129;-0.139
-0.098;-0.21;-0.127;-0.134
0.068;-0.32;-0.042;-0.142
0.002;-0.154;-0.088;-0.151
-0.115;-0.071;-0.112;-0.12
-0.054;-0.002;-0.093;-0.215
0.09;-0.161;-0.107;-0.2
-0.034;-0.081;-0.11;-0.203
-0.283;-0.173;-0.105;-0.012
-0.237;-0.088;-0.068;0.049
-0.105;-0.239;-0.061;-0.183
-0.103;-0.046;-0.183;-0.283
-0.361;-0.078;-0.071;-0.02
-0.383;-0.127;-0.186;-0.015
-0.298;-0.142;-0.178;-0.09
-0.247;-0.154;-0.027;-0.032
-0.098;-0.017;0.005;-0.273
-0.015;-0.034;-0.039;-0.203
-0.073;0.029;-0.178;-0.051
-0.173;-0.029;-0.21;-0.061
-0.205;-0.298;-0.215;-0.017
-0.049;-0.261;0.005;-0.073
0.002;-0.359;0.027;-0.122
-0.112;-0.161;-0.095;-0.144
-0.217;-0.178;-0.183;0.002
0.063;-0.176;-0.227;-0.127
-0.063;-0.244;-0.208;0.022
-0.21;-0.142;-0.129;-0.042
-0.168;0.027;-0.098;-0.156
-0.168;-0.029;-0.098;-0.161
-0.186;-0.056;-0.1;-0.188
-0.154;0.051;-0.115;-0.054
-0.059;0.09;-0.159;0.042
0.046;-0.212;-0.139;-0.051
-0.178;-0.007;-0.098;-0.112
-0.444;-0.037;-0.076;-0.073
-0.154;-0.115;-0.054;-0.059
-0.024;-0.083;-0.156;0.049
-0.029;-0.342;-0.139;-0.095
-0.098;-0.193;-0.049;-0.151
-0.132;0.015;0.037;-0.12
-0.093;-0.083;0.02;-0.154
-0.181;-0.161;-0.161;-0.188
-0.095;-0.161;-0.127;-0.066
0.12;-0.183;-0.066;-0.103
0.059;-0.129;-0.022;-0.186
-0.156;-0.059;-0.076;-0.142
-0.159;-0.073;-0.107;-0.181
-0.083;-0.032;-0.173;-0.078
-0.054;-0.164;-0.188;0.015
-0.024;-0.005;-0.151;-0.144
-0.078;-0.134;-0.151;-0.049
-0.269;-0.122;-0.193;-0.115
-0.237;-0.164;-0.125;-0.061
-0.21;-0.166;-0.171;-0.037
-0.066;-0.283;-0.061;-0.139
0.09;-0.042;-0.076;-0.276
-0.139;0.012;0.012;-0.164
-0.244;-0.081;-0.027;-0.161
-0.122;-0.166;-0.071;-0.149
-0.149;-0.276;-0.049;-0.156
-0.017;-0.051;0.049;-0.212
0.11;-0.122;-0.02;-0.161
-0.044;0.022;-0.098;-0.054
-0.413;-0.039;-0.159;-0.049
-0.168;-0.098;-0.044;-0.098
0.056;-0.19;0.042;-0.146
0.129;-0.217;-0.002;-0.127
-0.093;0.01;-0.161;-0.012
-0.115;-0.095;-0.225;-0.02
-0.139;-0.083;-0.12;-0.112
-0.173;-0.166;-0.068;-0.037
-0.171;-0.2;-0.149;-0.044
-0.029;-0.269;-0.164;0.0
-0.039;-0.181;-0.232;0.024
-0.11;-0.117;-0.115;-0.068
-0.188;-0.02;0.01;-0.154
0.005;-0.146;-0.017;-0.049
-0.027;-0.11;-0.1;-0.029
-0.295;-0.166;-0.129;-0.073
-0.212;-0.054;-0.105;-0.137
-0.01;-0.002;-0.017;-0.193
-0.137;-0.024;-0.095;-0.132
-0.237;-0.139;-0.198;-0.195
-0.063;-0.193;-0.117;-0.161
-0.051;-0.168;-0.107;-0.176
-0.125;-0.059;-0.044;-0.12
-0.061;-0.039;-0.076;-0.205
-0.044;-0.117;-0.137;-0.173
-0.176;-0.198;-0.227;-0.215
-0.146;-0.132;-0.122;-0.159
-0.178;-0.071;-0.078;-0.059
-0.027;-0.151;-0.139;-0.117
0.027;-0.139;-0.239;-0.176
0.0;-0.1;-0.125;-0.146
-0.178;-0.034;-0.085;-0.125
-0.303;-0.339;-0.142;-0.083
-0.144;-0.161;-0.134;0.005
0.042;-0.444;-0.088;-0.21
-0.032;-0.271;-0.007;-0.239
-0.093;0.054;-0.071;-0.095
-0.347;0.107;-0.164;-0.032
-0.403;-0.017;-0.203;-0.071
-0.134;-0.088;-0.073;-0.149
0.066;-0.327;0.042;-0.19
-0.042;-0.164;-0.012;-0.117
-0.09;-0.005;-0.151;0.022
-0.034;0.051;-0.198;-0.183
0.051;-0.115;-0.139;-0.061
-0.061;-0.059;-0.122;-0.132
-0.176;0.076;-0.112;-0.142
-0.278;-0.061;-0.171;-0.076
0.024;-0.308;-0.151;-0.093
0.066;-0.293;-0.093;-0.085
-0.105;-0.161;-0.081;-0.046
-0.007;-0.02;-0.105;-0.01
-0.015;-0.132;-0.188;-0.127
-0.083;-0.081;-0.1;-0.088
-0.242;0.0;-0.137;-0.093
-0.093;-0.005;-0.178;-0.107
-0.042;-0.183;-0.149;-0.11
-0.159;-0.227;-0.212;-0.107
-0.271;-0.19;-0.198;-0.203
-0.254;0.039;-0.137;-0.215
-0.303;-0.12;-0.088;-0.181
-0.105;-0.137;-0.078;-0.315
0.007;-0.193;-0.005;-0.186
0.029;-0.015;-0.034;0.098
-0.237;-0.061;-0.203;-0.293
-0.186;-0.198;-0.159;-0.142
0.068;-0.215;-0.183;0.093
0.005;0.005;-0.112;-0.222
-0.242;0.007;0.127;-0.2
-0.19;-0.269;-0.098;-0.234
-0.088;-0.142;-0.276;-0.129
-0.161;-0.256;-0.264;-0.115
-0.056;-0.1;0.0;-0.068
0.037;-0.149;-0.181;-0.43
-0.039;-0.034;-0.034;-0.015
-0.356;-0.193;-0.193;-0.063
-0.344;0.012;-0.085;-0.063
-0.217;-0.078;-0.242;-0.039
-0.134;-0.142;-0.098;0.115
-0.208;-0.117;-0.146;-0.405
-0.2;-0.261;0.071;0.015
-0.212;-0.173;-0.298;0.217
-0.1;-0.227;-0.171;-0.22
-0.068;-0.066;-0.015;-0.107
0.159;-0.244;-0.056;-0.137
-0.024;-0.144;-0.146;-0.53
-0.308;-0.078;-0.12;-0.383
-0.085;-0.125;-0.325;0.107
-0.02;-0.291;-0.205;-0.151
-0.166;-0.098;0.144;0.098
-0.291;0.073;-0.164;-0.239
-0.266;-0.027;-0.129;-0.166
-0.088;-0.295;-0.208;-0.127
-0.21;-0.042;-0.017;-0.076
-0.269;-0.09;-0.271;-0.188
-0.164;-0.22;-0.127;0.132
-0.11;-0.044;-0.156;-0.151
-0.215;-0.042;-0.029;-0.12
-0.164;-0.022;-0.115;-0.127
-0.056;0.049;0.037;-0.12
-0.095;0.164;-0.088;0.093
-0.144;-0.193;-0.315;-0.142
-0.188;-0.222;-0.132;-0.054
-0.159;-0.334;-0.103;-0.059
-0.22;-0.137;0.122;0.112
-0.173;-0.32;-0.173;-0.251
-0.012;-0.254;-0.034;0.061
0.059;-0.095;-0.339;-0.19
-0.144;0.01;0.083;-0.2
-0.12;-0.095;0.034;0.0
0.046;-0.156;-0.156;0.027
-0.044;-0.027;-0.188;-0.068
-0.088;-0.034;-0.19;-0.164
-0.146;0.007;-0.061;-0.015
-0.132;-0.159;-0.103;-0.085
-0.215;-0.081;-0.129;0.042
-0.164;-0.01;-0.327;-0.186
-0.132;-0.156;-0.073;-0.095
0.0;-0.115;0.054;-0.237
-0.195;-0.068;0.095;-0.002
-0.154;0.088;-0.198;-0.264
-0.208;-0.056;-0.168;-0.12
-0.037;0.032;-0.242;-0.247
-0.083;-0.149;0.11;-0.037
-0.085;-0.095;-0.015;-0.166
-0.198;-0.151;-0.007;-0.205
-0.125;-0.239;-0.115;-0.176
-0.032;-0.208;0.024;0.139
-0.015;-0.125;-0.22;0.027
-0.103;-0.034;-0.098;0.186
-0.071;-0.09;-0.215;0.049
-0.044;-0.151;-0.049;0.005
-0.112;-0.186;-0.129;0.083
-0.278;-0.049;-0.249;0.017
-0.291;-0.076;-0.261;-0.278
-0.247;-0.007;-0.22;-0.073
-0.21;-0.034;-0.054;-0.232
-0.159;-0.017;0.063;-0.259
-0.212;-0.112;0.042;-0.061
-0.063;0.012;-0.234;-0.037
-0.002;0.005;-0.227;0.183
-0.034;-0.127;-0.195;-0.034
-0.081;-0.066;0.046;-0.208
-0.142;-0.3;-0.012;-0.259
-0.098;-0.195;-0.103;-0.081
-0.071;-0.227;-0.269;-0.286
-0.139;-0.01;-0.195;-0.049
-0.195;-0.095;-0.181;-0.254
-0.098;-0.178;-0.034;-0.183
-0.061;-0.225;-0.081;-0.154
-0.005;-0.188;-0.195;-0.115
-0.029;-0.071;-0.234;-0.11
-0.059;-0.059;-0.105;-0.042
-0.215;-0.032;-0.112;-0.127
-0.347;-0.015;-0.073;-0.291
-0.347;-0.039;-0.081;-0.029
-0.215;-0.193;-0.193;-0.166
-0.103;-0.178;-0.073;-0.271
-0.137;-0.068;-0.083;-0.21
-0.261;-0.012;-0.237;-0.283
-0.073;0.012;-0.115;-0.098
-0.054;-0.142;-0.125;-0.239
-0.044;-0.098;-0.063;-0.098
-0.076;-0.127;-0.232;-0.098
-0.093;-0.203;-0.142;-0.005
-0.066;-0.146;-0.161;-0.078
-0.137;-0.198;-0.022;0.007
-0.1;-0.193;-0.007;-0.044
-0.061;-0.139;-0.115;-0.073
-0.01;-0.095;-0.237;-0.166
0.022;-0.098;-0.215;-0.127
-0.098;0.022;-0.205;-0.027
-0.156;-0.027;-0.183;-0.068
-0.269;0.044;-0.151;-0.049
-0.208;-0.034;-0.151;-0.051
-0.278;-0.095;-0.151;0.085
-0.178;-0.11;-0.105;-0.125
-0.066;-0.107;-0.022;-0.015
-0.027;-0.283;-0.107;-0.127
-0.171;-0.3;-0.103;-0.286
-0.208;-0.195;-0.032;-0.312
-0.049;-0.232;0.032;-0.2
-0.044;-0.276;-0.02;-0.22
-0.01;-0.178;-0.034;-0.291
-0.015;-0.186;-0.032;-0.195
-0.061;-0.276;-0.073;-0.156
-0.151;-0.229;-0.066;-0.007
-0.142;-0.132;-0.078;-0.007
-0.059;-0.029;-0.127;0.051
-0.107;-0.115;-0.2;0.0
-0.2;-0.198;-0.269;-0.073
-0.149;0.071;-0.129;-0.107
-0.078;0.154;-0.066;-0.188
-0.088;0.137;0.017;-0.117
-0.222;0.012;-0.044;-0.225
-0.168;-0.176;-0.029;-0.122
-0.085;-0.195;-0.01;-0.149
-0.225;-0.002;-0.061;-0.02
-0.256;-0.056;-0.095;-0.032
-0.156;-0.037;-0.12;-0.002
-0.076;-0.002;-0.007;-0.203
-0.142;-0.127;-0.105;0.059
-0.039;-0.093;-0.193;-0.01
-0.022;-0.156;-0.142;-0.085
-0.059;-0.195;-0.11;-0.068
-0.095;-0.149;-0.151;-0.093
-0.073;-0.085;-0.076;-0.125
-0.154;-0.181;-0.068;-0.227
-0.007;-0.156;-0.088;-0.183
-0.022;-0.176;-0.171;-0.193
-0.061;-0.159;-0.203;-0.203
-0.325;-0.007;-0.049;-0.22
-0.271;-0.081;-0.083;-0.078
-0.139;-0.09;-0.11;-0.051
-0.151;-0.088;-0.127;-0.022
-0.125;-0.01;-0.11;-0.005
-0.115;0.01;-0.022;-0.132
-0.127;-0.203;-0.017;-0.063
-0.125;-0.061;-0.076;-0.049
-0.039;-0.125;-0.139;-0.117
-0.144;-0.061;-0.076;-0.142
-0.107;-0.205;-0.002;-0.234
-0.09;-0.093;-0.01;-0.154
-0.083;-0.244;0.01;-0.146
-0.154;-0.21;-0.146;0.0
-0.085;-0.095;-0.251;-0.015
-0.078;-0.103;-0.188;-0.002
-0.027;-0.173;-0.149;0.024
-0.042;-0.151;-0.127;-0.042
-0.059;-0.09;-0.154;-0.024
-0.129;-0.176;-0.151;-0.103
-0.054;-0.129;-0.115;-0.208
-0.032;-0.063;-0.168;-0.19
-0.105;0.093;-0.076;-0.083
-0.127;-0.029;-0.176;-0.188
-0.073;-0.122;-0.166;0.002
-0.007;-0.334;-0.21;-0.098
-0.134;-0.205;-0.166;-0.103
-0.276;0.117;-0.066;-0.029
-0.332;0.107;-0.012;-0.229
-0.232;-0.254;-0.056;-0.176
0.046;-0.205;0.005;0.073
-0.146;-0.22;-0.002;-0.164
-0.332;-0.095;-0.156;-0.212
-0.234;-0.303;-0.117;-0.171
-0.027;-0.2;-0.117;-0.139
-0.139;-0.3;-0.198;0.012
-0.2;-0.149;-0.173;-0.149
-0.063;-0.01;-0.083;-0.081
-0.068;-0.134;-0.127;-0.078
0.093;-0.261;-0.044;0.081
0.078;-0.173;-0.146;-0.1
-0.208;-0.156;-0.103;-0.227
-0.244;-0.061;-0.034;-0.12
-0.171;-0.103;-0.056;0.056
-0.024;-0.229;-0.037;0.083
0.027;-0.188;-0.056;-0.098
-0.093;-0.103;0.012;-0.286
-0.247;-0.088;-0.034;-0.286
-0.173;-0.088;-0.02;-0.015
-0.19;0.117;0.015;-0.002
-0.176;-0.002;-0.078;-0.234
-0.044;-0.212;-0.059;-0.107
0.042;-0.303;-0.117;0.039
0.032;-0.166;-0.112;-0.103
-0.105;-0.19;-0.173;-0.144
-0.259;-0.127;-0.173;-0.166
-0.178;-0.227;-0.098;-0.244
-0.12;-0.112;-0.137;-0.178
0.09;-0.122;-0.181;-0.134
0.049;0.022;-0.027;-0.159
-0.02;0.078;-0.156;-0.225
-0.1;-0.042;-0.21;-0.078
-0.029;-0.105;-0.146;-0.107
-0.056;-0.059;-0.217;-0.083
-0.347;0.076;-0.212;-0.134
-0.288;0.051;-0.137;-0.19
-0.037;-0.107;-0.073;-0.088
-0.161;-0.21;-0.127;-0.115
-0.093;-0.271;-0.129;0.088
-0.159;-0.09;-0.178;-0.034
-0.173;-0.144;-0.12;-0.115
-0.095;-0.063;-0.105;-0.176
0.017;-0.115;-0.188;-0.085
-0.044;-0.083;-0.142;-0.09
-0.154;-0.115;-0.178;-0.115
-0.117;-0.029;-0.098;-0.088
0.095;-0.264;-0.007;-0.105
-0.02;-0.181;-0.107;-0.061
-0.22;0.081;-0.09;-0.037
-0.125;-0.012;-0.134;-0.093
0.015;-0.237;-0.105;-0.037
0.076;-0.212;-0.005;-0.029
-0.012;-0.081;0.054;-0.122
-0.176;-0.063;-0.188;-0.044
-0.176;-0.127;-0.234;-0.159
-0.198;0.039;-0.085;-0.107
-0.237;-0.027;-0.005;-0.212
-0.212;-0.195;-0.056;-0.259
-0.195;-0.183;-0.166;-0.034
-0.134;-0.139;-0.168;-0.068
-0.105;-0.161;-0.029;-0.007
-0.032;-0.176;-0.046;-0.112
-0.12;-0.125;-0.02;-0.098
-0.161;-0.183;-0.085;-0.149
-0.068;-0.247;-0.149;-0.103
0.015;-0.098;-0.083;-0.103
0.037;-0.095;-0.059;-0.249
-0.117;-0.178;-0.056;-0.168
-0.056;-0.171;-0.146;-0.198
0.059;-0.156;-0.132;-0.166
-0.002;-0.12;-0.183;-0.134
-0.125;-0.068;-0.12;-0.02
-0.071;-0.183;-0.044;-0.129
-0.083;-0.288;-0.132;0.005
-0.229;-0.161;-0.076;-0.002
-0.283;-0.032;-0.081;-0.088
-0.225;0.037;-0.02;-0.217
-0.208;-0.103;-0.081;-0.21
-0.11;-0.088;-0.144;-0.256
-0.083;-0.186;-0.193;-0.122
-0.222;-0.105;-0.193;-0.044
-0.154;-0.105;-0.164;-0.159
-0.1;-0.293;-0.171;-0.034
-0.059;-0.154;-0.081;-0.129
-0.11;-0.1;-0.115;-0.002
-0.139;0.005;-0.095;-0.007
-0.142;-0.083;-0.137;-0.063
-0.046;-0.198;-0.127;-0.125
-0.078;-0.146;-0.173;-0.227
-0.127;-0.237;-0.205;-0.269
-0.027;-0.144;-0.149;-0.232
0.037;-0.259;-0.178;-0.12
-0.22;-0.068;-0.178;-0.115
-0.317;-0.034;-0.239;-0.073
-0.31;-0.042;-0.19;-0.061
-0.229;-0.181;-0.183;0.039
-0.076;-0.291;-0.088;0.044
-0.098;-0.059;-0.061;-0.107
-0.347;0.095;-0.112;-0.164
-0.352;-0.034;-0.249;-0.291
-0.142;-0.229;-0.144;-0.125
-0.132;-0.063;0.01;-0.232
-0.066;-0.056;0.078;-0.227
-0.022;-0.098;0.1;-0.227
0.039;-0.166;-0.095;-0.078
0.073;-0.071;-0.12;-0.142
-0.103;-0.081;-0.122;-0.056
-0.122;-0.21;-0.007;0.029
-0.037;-0.195;-0.103;-0.107
-0.044;-0.334;-0.161;-0.129
-0.125;-0.144;-0.088;-0.139
-0.173;-0.178;-0.098;-0.073
-0.132;0.029;-0.186;-0.134
-0.107;-0.225;-0.244;-0.095
0.049;-0.142;-0.176;-0.151
-0.093;-0.098;-0.122;-0.242
-0.322;0.0;0.007;-0.171
-0.261;-0.21;-0.117;-0.156
-0.027;-0.134;-0.156;-0.088
-0.161;-0.229;-0.181;-0.093
-0.381;0.024;-0.027;-0.107
-0.408;-0.083;0.01;-0.173
-0.186;-0.146;-0.032;-0.129
-0.059;-0.146;-0.1;-0.002
0.02;-0.066;-0.122;0.066
-0.093;-0.127;-0.171;-0.181
-0.083;-0.205;-0.107;-0.088
-0.149;-0.02;-0.037;-0.054
-0.2;-0.095;0.015;-0.081
-0.122;-0.166;-0.088;-0.112
-0.11;-0.237;-0.166;-0.127
-0.166;-0.134;-0.203;-0.005
0.044;-0.2;-0.156;-0.034
-0.017;-0.142;-0.21;0.015
-0.049;-0.037;-0.154;-0.063
-0.127;-0.029;-0.103;-0.029
-0.193;-0.154;-0.107;-0.034
-0.137;-0.103;-0.085;-0.063
-0.154;-0.037;-0.056;-0.122
-0.071;-0.19;0.017;-0.076
-0.122;-0.039;-0.095;-0.156
-0.173;-0.149;-0.083;-0.227
-0.188;-0.129;-0.088;-0.151
-0.015;-0.156;-0.12;-0.22
-0.037;-0.139;-0.139;-0.142
-0.063;-0.173;-0.144;-0.081
-0.112;-0.259;-0.125;-0.09
-0.068;-0.159;-0.01;-0.1
-0.017;-0.212;0.061;-0.061
-0.122;-0.107;-0.012;-0.134
-0.22;-0.093;-0.103;-0.107
-0.061;-0.107;-0.1;-0.195
0.024;-0.127;-0.059;-0.178
0.149;-0.103;-0.142;-0.195
0.049;-0.078;-0.215;-0.078
-0.227;-0.12;-0.242;-0.051
-0.293;-0.054;-0.154;-0.166
-0.264;-0.149;-0.12;-0.127
-0.19;-0.159;-0.071;-0.076
-0.02;-0.198;-0.081;-0.002
-0.144;-0.083;-0.146;-0.017
-0.312;-0.149;-0.142;-0.139
-0.31;-0.066;-0.1;-0.149
-0.139;-0.164;-0.105;-0.266
-0.127;-0.178;-0.142;-0.051
-0.024;-0.071;-0.12;-0.137
-0.149;0.085;-0.151;-0.005
-0.159;-0.078;-0.222;-0.103
-0.098;-0.291;-0.11;-0.117
0.054;-0.164;-0.103;-0.151
-0.151;-0.095;-0.083;-0.076
-0.188;-0.017;-0.21;-0.083
0.063;-0.081;-0.227;-0.11
0.129;-0.242;-0.205;-0.134
-0.029;-0.271;-0.046;-0.078
-0.19;0.012;-0.112;0.002
-0.281;-0.034;-0.217;-0.142
-0.251;-0.076;-0.159;-0.188
-0.271;-0.193;0.024;-0.061
-0.164;-0.107;0.022;-0.068
-0.176;-0.071;-0.129;-0.107
-0.222;-0.173;-0.171;-0.134
-0.178;-0.085;-0.149;-0.078
-0.139;-0.234;-0.093;-0.146
-0.078;-0.012;-0.103;-0.012
-0.044;-0.02;-0.056;-0.151
0.037;-0.325;-0.061;-0.095
-0.078;-0.273;-0.117;-0.198
-0.103;-0.144;-0.098;-0.103
-0.103;-0.037;-0.151;-0.107
-0.112;-0.146;-0.134;-0.12
-0.144;-0.081;-0.161;-0.112
-0.071;-0.222;-0.134;-0.168
-0.073;-0.229;-0.12;-0.034
0.024;-0.156;-0.166;-0.044
-0.112;0.005;-0.09;-0.09
-0.198;-0.156;-0.046;-0.146
-0.129;-0.168;-0.059;-0.103
-0.1;-0.107;-0.129;-0.049
-0.178;-0.051;-0.125;-0.051
-0.037;-0.261;-0.068;-0.103
-0.046;-0.193;-0.103;-0.081
-0.256;-0.059;-0.012;-0.137
-0.376;-0.071;-0.071;-0.256
-0.232;-0.12;-0.115;-0.115
-0.115;-0.188;-0.129;-0.066
-0.134;-0.054;-0.1;-0.098
-0.02;-0.22;-0.139;-0.168
0.1;-0.181;-0.2;0.01
-0.117;-0.105;-0.244;0.015
-0.195;-0.088;-0.176;-0.066
-0.103;-0.232;-0.222;-0.117
-0.051;-0.171;-0.149;-0.063
-0.132;-0.286;-0.117;-0.034
-0.281;-0.11;-0.088;-0.168
-0.1;-0.244;-0.149;-0.083
-0.205;-0.095;-0.195;-0.203
-0.413;0.01;-0.105;-0.022
-0.366;0.037;-0.181;-0.112
-0.168;-0.056;-0.166;-0.09
-0.125;-0.027;-0.11;-0.071
-0.105;0.076;-0.007;-0.051
0.015;-0.044;-0.125;-0.049
-0.249;-0.027;-0.132;-0.042
-0.403;-0.264;-0.073;-0.122
-0.142;-0.232;-0.024;-0.278
-0.012;-0.159;-0.056;-0.178
-0.039;-0.073;-0.188;-0.149
-0.054;-0.266;-0.217;-0.117
0.005;-0.21;-0.164;-0.137
-0.112;-0.183;-0.105;-0.151
0.015;-0.239;-0.071;-0.115
0.051;-0.234;-0.12;-0.115
-0.017;-0.266;-0.186;-0.088
-0.173;0.042;-0.181;-0.103
-0.173;-0.073;-0.063;-0.127
-0.171;-0.098;-0.051;-0.19
-0.168;-0.256;-0.029;-0.054
-0.068;-0.107;-0.139;-0.19
-0.144;-0.154;-0.154;-0.044
-0.229;0.093;-0.168;-0.117
-0.298;0.032;-0.063;-0.127
-0.159;-0.083;-0.061;-0.139
-0.039;-0.051;-0.12;-0.146
-0.09;0.01;-0.095;-0.042
-0.081;0.0;-0.061;-0.129
-0.107;-0.142;-0.068;-0.12
-0.129;-0.093;-0.098;0.012
-0.166;-0.046;-0.161;-0.005
-0.183;-0.059;-0.186;-0.144
-0.059;-0.3;-0.115;-0.071
0.049;-0.312;-0.09;-0.027
-0.244;-0.188;-0.044;-0.017
-0.232;-0.122;-0.144;-0.044
-0.112;-0.112;-0.2;-0.024
-0.061;-0.1;-0.229;0.029
-0.034;0.032;-0.151;-0.059
-0.059;0.1;-0.095;0.083
-0.164;0.044;-0.2;-0.134
-0.188;-0.122;-0.129;-0.159
-0.2;-0.137;-0.032;-0.251
-0.161;-0.127;0.061;-0.159
-0.078;-0.078;-0.078;-0.132
-0.088;-0.051;-0.149;-0.139
-0.168;-0.085;-0.1;-0.195
-0.098;-0.247;-0.002;-0.3
-0.149;-0.21;-0.029;-0.098
-0.195;-0.254;-0.132;0.02
-0.266;-0.12;-0.193;-0.071
-0.007;-0.271;-0.107;-0.173
0.078;-0.193;-0.01;-0.137
0.046;-0.195;-0.024;-0.085
-0.068;-0.317;-0.188;-0.015
-0.176;-0.254;-0.254;-0.022
-0.217;-0.081;-0.244;-0.178
-0.142;0.007;-0.081;-0.176
-0.151;-0.068;-0.024;-0.181
-0.098;-0.022;-0.142;-0.095
-0.139;-0.21;-0.198;-0.007
-0.293;-0.183;-0.178;-0.059
-0.286;-0.02;-0.022;-0.117
-0.198;0.056;-0.125;-0.188
-0.2;-0.178;-0.125;-0.088
-0.127;-0.051;-0.205;-0.044
-0.369;-0.107;-0.122;-0.093
-0.33;-0.044;-0.061;-0.105
-0.117;-0.293;-0.032;-0.129
0.103;-0.244;-0.044;-0.117
0.059;-0.093;-0.078;-0.032
-0.061;0.01;-0.137;-0.125
-0.015;-0.122;-0.149;-0.112
-0.166;-0.12;-0.161;-0.105
-0.166;-0.117;-0.21;-0.059
-0.015;-0.056;-0.198;0.042
0.051;-0.078;-0.168;-0.007
-0.1;-0.164;-0.161;-0.09
-0.195;-0.237;-0.137;-0.193
-0.186;-0.156;-0.103;-0.054
-0.151;-0.146;-0.208;-0.056
-0.168;-0.081;-0.127;-0.071
-0.2;-0.1;-0.085;-0.188
-0.129;0.01;-0.027;-0.195
-0.208;-0.012;-0.1;-0.217
-0.254;-0.098;-0.232;-0.051
-0.237;-0.171;-0.181;-0.056
-0.215;-0.212;-0.112;-0.137
-0.186;-0.173;-0.017;-0.073
-0.085;-0.22;-0.059;-0.081
-0.188;-0.205;-0.11;0.029
-0.188;-0.249;-0.222;0.059
-0.208;-0.181;-0.19;-0.127
-0.083;-0.164;0.01;-0.198
-0.1;-0.164;0.0;-0.137
-0.115;-0.098;-0.02;-0.166
-0.142;0.095;-0.154;-0.107
-0.122;-0.01;-0.129;-0.078
-0.22;-0.195;-0.149;-0.09
-0.066;0.059;-0.127;-0.073
-0.227;-0.168;-0.2;-0.081
-0.305;-0.137;-0.249;0.044
-0.349;-0.059;-0.2;-0.181
-0.308;-0.127;-0.132;-0.154
-0.049;-0.168;-0.049;-0.017
-0.01;-0.168;-0.029;-0.193
-0.271;0.071;0.007;0.051
-0.195;0.015;-0.183;-0.044
0.017;-0.066;-0.071;-0.051
0.042;-0.217;-0.059;-0.293
0.002;-0.227;0.039;-0.002
-0.21;0.164;-0.222;-0.107
-0.247;0.032;-0.283;0.002
-0.2;-0.215;-0.195;-0.3
-0.002;-0.193;0.081;-0.195
-0.098;-0.198;0.054;-0.195
-0.295;-0.095;-0.244;-0.039
-0.037;-0.195;-0.493;-0.022
0.105;-0.037;-0.349;-0.154
0.09;-0.208;0.02;-0.322
-0.198;0.151;0.076;-0.247
-0.337;-0.088;-0.085;-0.166
-0.264;-0.142;-0.183;-0.178
-0.11;-0.1;-0.188;0.01
-0.261;-0.027;-0.195;-0.156
-0.186;-0.068;-0.017;-0.11
-0.017;-0.095;-0.037;-0.164
-0.11;-0.112;-0.225;-0.212
-0.098;-0.159;-0.291;-0.042
-0.01;-0.017;-0.212;-0.125
-0.042;-0.144;0.02;-0.303
-0.142;-0.056;0.051;-0.259
-0.132;-0.181;-0.044;-0.291
-0.107;-0.1;-0.103;-0.12
-0.149;-0.09;-0.166;0.134
-0.063;-0.156;-0.144;-0.11
-0.161;0.0;-0.105;-0.176
-0.1;0.027;-0.066;-0.107
-0.12;0.205;-0.161;-0.149
-0.1;-0.22;-0.232;0.0
-0.085;-0.139;-0.237;-0.059
-0.244;-0.391;-0.156;-0.291
-0.474;-0.007;-0.049;-0.132
-0.417;-0.007;-0.195;-0.081
-0.22;-0.12;-0.237;-0.186
-0.212;-0.149;-0.085;-0.193
-0.383;0.017;0.01;-0.225
-0.422;0.068;-0.234;-0.181
-0.134;-0.071;-0.161;0.115
0.081;-0.127;-0.193;-0.203
0.176;-0.081;-0.071;-0.264
-0.022;-0.21;-0.063;-0.044
-0.11;-0.212;0.01;-0.015
-0.107;-0.215;-0.127;-0.115
-0.129;-0.103;-0.237;-0.073
0.012;-0.181;-0.195;-0.129
-0.024;-0.19;-0.1;-0.107
-0.137;-0.164;-0.085;0.066
-0.117;-0.234;-0.173;-0.09
0.02;0.059;-0.212;-0.166
-0.205;0.095;-0.156;-0.066
-0.344;-0.012;-0.012;-0.049
0.0;-0.085;0.02;-0.098
-0.098;-0.171;-0.156;-0.083
-0.281;-0.164;-0.171;-0.061
-0.183;-0.127;-0.125;-0.034
-0.117;0.081;0.032;-0.115
-0.186;-0.254;0.046;-0.061
-0.291;0.015;0.032;-0.093
-0.208;-0.085;-0.093;-0.164
-0.083;-0.061;-0.076;-0.034
-0.029;-0.295;-0.034;-0.139
-0.032;-0.229;-0.056;-0.195
0.002;-0.225;-0.01;-0.034
-0.2;-0.071;-0.056;-0.2
-0.198;-0.178;-0.09;-0.305
-0.115;-0.181;-0.164;-0.039
-0.024;-0.176;-0.2;-0.09
-0.151;-0.232;-0.159;-0.088
-0.146;0.085;-0.176;-0.088
0.022;-0.352;-0.137;-0.105
0.105;0.034;-0.09;-0.205
-0.249;-0.291;0.0;-0.371
-0.417;0.134;-0.076;-0.037
-0.266;-0.122;-0.286;0.007
-0.01;-0.105;-0.198;-0.173
0.073;-0.31;0.073;-0.31
-0.198;-0.107;0.002;-0.247
-0.371;0.203;-0.156;-0.137
-0.342;-0.046;-0.076;0.173
-0.066;-0.168;-0.178;-0.159
0.173;-0.32;-0.125;-0.249
-0.12;-0.276;-0.081;-0.007
-0.12;0.034;-0.1;-0.02
-0.193;0.103;-0.251;0.012
0.061;-0.044;-0.186;-0.193
0.261;-0.095;-0.115;-0.239
-0.022;-0.076;-0.12;-0.164
-0.291;-0.132;-0.176;0.09
-0.161;-0.283;-0.269;-0.044
0.083;-0.168;-0.107;-0.122
-0.059;0.168;-0.02;-0.066
-0.127;-0.186;-0.066;-0.107
-0.127;-0.029;-0.264;-0.015
-0.22;-0.259;-0.42;-0.122
-0.4;0.007;-0.107;-0.112
-0.293;-0.078;0.063;-0.261
0.037;-0.215;-0.01;-0.195
0.066;-0.183;-0.149;-0.093
-0.181;0.046;-0.051;0.066
-0.242;-0.112;-0.105;-0.2
0.005;-0.107;0.107;-0.154
-0.095;-0.044;-0.01;-0.063
0.007;-0.291;-0.164;-0.159
0.088;-0.203;-0.273;-0.054
0.056;-0.295;-0.173;-0.229
-0.21;-0.01;-0.146;-0.21
-0.186;-0.073;0.115;-0.105
-0.007;-0.164;-0.02;-0.1
-0.168;-0.059;-0.237;-0.2
-0.293;-0.027;-0.181;-0.12
-0.01;-0.205;0.039;-0.161
0.098;-0.295;-0.061;-0.11
-0.164;-0.005;-0.12;0.071
-0.408;0.083;-0.327;-0.063
-0.161;-0.093;-0.11;0.066
-0.078;-0.249;-0.02;-0.2
-0.154;-0.029;-0.1;0.002
-0.364;-0.039;-0.186;0.068
-0.208;-0.098;-0.051;-0.254
-0.02;-0.251;0.027;-0.188
-0.066;-0.286;-0.127;-0.063
-0.044;-0.146;-0.029;-0.005
0.115;0.022;-0.156;-0.142
-0.098;0.093;-0.215;-0.024
-0.225;-0.076;-0.181;-0.166
0.085;-0.266;0.059;-0.142
0.063;-0.193;-0.027;-0.227
-0.127;-0.022;-0.356;-0.002
-0.029;-0.068;-0.254;0.068
0.09;0.037;-0.146;-0.156
-0.322;-0.095;0.112;-0.085
-0.315;-0.039;-0.291;-0.188
-0.098;-0.081;-0.085;0.173
0.107;-0.076;-0.334;-0.308
-0.078;-0.173;0.046;-0.049
-0.19;-0.051;0.042;-0.256
-0.225;-0.115;-0.188;-0.081
-0.249;0.012;-0.173;0.137
-0.21;-0.256;-0.098;-0.203
-0.012;-0.149;-0.134;-0.183
0.012;-0.161;-0.103;-0.02
-0.059;-0.188;-0.024;-0.19
-0.1;-0.137;-0.176;-0.278
0.088;-0.12;-0.261;-0.09
0.005;-0.242;-0.083;-0.339
-0.015;-0.193;0.159;-0.198
-0.1;-0.042;-0.205;-0.266
0.037;-0.029;0.007;0.178
-0.042;-0.007;-0.273;-0.103
-0.154;-0.095;-0.12;0.034
-0.059;-0.186;-0.115;-0.188
-0.173;-0.181;0.105;-0.127
-0.149;-0.151;-0.127;-0.12
-0.176;0.012;-0.19;-0.017
-0.056;-0.09;-0.269;-0.149
-0.2;-0.098;-0.107;-0.3
-0.159;-0.071;-0.254;-0.352
-0.256;-0.115;-0.071;-0.107
-0.291;-0.159;0.22;-0.076
-0.076;-0.063;-0.049;-0.317
0.002;-0.203;-0.208;0.154
0.024;-0.056;-0.242;-0.066
-0.193;-0.232;-0.034;-0.105
-0.107;-0.122;-0.168;-0.176
0.09;-0.283;0.024;-0.186
0.117;-0.19;-0.422;-0.168
-0.005;0.022;-0.203;-0.046
-0.127;0.039;-0.205;-0.417
-0.273;-0.012;0.093;-0.117
-0.071;-0.042;-0.078;-0.112
0.059;-0.215;-0.117;-0.037
0.032;-0.129;-0.215;-0.051
0.073;-0.037;-0.208;0.017
-0.146;-0.007;-0.181;0.066
-0.237;-0.288;-0.007;-0.093
-0.271;-0.21;-0.071;-0.261
-0.413;-0.105;-0.21;-0.085
-0.229;0.029;-0.2;-0.002
0.046;-0.208;-0.02;-0.11
0.144;-0.295;-0.017;-0.188
-0.2;-0.178;-0.024;-0.107
-0.127;0.071;-0.178;-0.188
-0.039;-0.298;-0.217;-0.081
0.088;-0.078;-0.115;-0.322
-0.073;-0.093;0.125;-0.217
-0.085;-0.039;0.029;-0.01
0.022;-0.295;-0.154;-0.088
0.105;-0.334;-0.173;-0.007
0.068;-0.168;-0.146;-0.21
-0.21;0.02;-0.09;-0.261
-0.366;0.203;-0.059;-0.144
-0.181;0.007;-0.144;-0.183
0.066;-0.081;-0.22;-0.125
-0.02;-0.042;-0.188;-0.005
-0.176;0.042;-0.105;-0.073
-0.051;-0.195;0.042;-0.195
-0.012;-0.176;-0.073;-0.098
-0.178;-0.1;-0.19;-0.051
-0.366;-0.007;-0.132;0.049
-0.234;-0.142;-0.044;-0.127
-0.11;-0.222;0.024;-0.149
-0.093;-0.212;-0.037;-0.149
-0.037;-0.115;-0.073;-0.122
-0.007;0.015;-0.151;-0.134
-0.1;0.039;-0.078;-0.134
-0.244;-0.054;-0.081;-0.098
-0.051;-0.076;-0.049;-0.056
0.068;-0.168;-0.105;-0.005
-0.034;-0.105;-0.229;-0.02
-0.188;0.054;-0.19;0.029
-0.225;-0.125;-0.081;-0.051
-0.005;-0.205;-0.103;-0.154
0.107;-0.061;-0.071;-0.024
-0.066;0.002;-0.205;-0.032
-0.146;-0.039;-0.193;-0.037
-0.151;-0.088;-0.161;-0.142
-0.085;-0.159;-0.032;-0.159
-0.085;-0.256;-0.024;-0.234
-0.261;-0.098;-0.11;-0.115
-0.32;-0.31;-0.156;-0.183
-0.347;-0.156;-0.081;-0.061
-0.193;-0.168;-0.129;-0.054
-0.178;-0.249;-0.071;-0.176
-0.234;-0.144;-0.042;-0.125
-0.149;-0.154;-0.151;-0.183
0.007;-0.403;-0.122;-0.247
0.103;-0.186;-0.073;-0.146
-0.044;0.093;-0.063;-0.139
-0.122;-0.056;-0.059;-0.1
-0.073;-0.054;-0.173;-0.066
-0.073;-0.098;-0.149;-0.2
-0.164;-0.081;-0.107;-0.142
-0.139;-0.266;-0.132;-0.078
-0.103;-0.237;-0.139;-0.156
-0.208;-0.056;-0.1;-0.132
-0.076;0.024;-0.054;-0.142
-0.115;-0.117;-0.107;-0.142
-0.208;-0.107;-0.151;-0.071
-0.281;-0.032;-0.159;-0.037
-0.103;-0.122;-0.002;-0.11
0.027;-0.227;-0.02;-0.125
-0.066;-0.146;-0.059;-0.122
-0.251;0.034;-0.081;-0.178
-0.264;0.051;-0.107;-0.098
-0.144;-0.176;-0.068;-0.129
-0.063;-0.266;-0.027;-0.103
0.081;-0.266;-0.078;-0.095
-0.095;-0.276;-0.093;-0.117
-0.098;-0.222;-0.161;-0.02
-0.046;-0.061;-0.156;-0.039
-0.09;-0.132;-0.09;-0.12
-0.146;-0.149;-0.039;-0.039
-0.166;-0.088;-0.134;-0.059
-0.176;-0.098;-0.09;-0.088
-0.244;-0.2;-0.125;-0.01
-0.288;-0.046;-0.103;-0.046
-0.222;-0.115;-0.112;-0.078
-0.078;-0.085;-0.078;-0.146
-0.049;-0.166;-0.012;-0.073
-0.146;-0.117;-0.129;-0.176
-0.178;-0.132;-0.105;-0.1
-0.095;-0.159;-0.193;-0.09
-0.093;-0.295;-0.061;-0.081
-0.151;-0.342;-0.088;-0.105
-0.059;-0.134;-0.083;-0.137
-0.117;-0.215;-0.09;-0.232
0.015;-0.183;-0.1;-0.195
-0.017;-0.146;-0.095;-0.105
0.063;-0.154;-0.132;-0.085
0.02;-0.22;-0.198;-0.049
-0.151;0.027;-0.125;-0.112
-0.222;-0.112;-0.112;-0.117
-0.129;-0.222;-0.205;-0.063
-0.293;-0.144;-0.156;-0.073
-0.188;-0.066;-0.186;-0.144
-0.093;-0.125;-0.134;-0.173
-0.195;-0.271;-0.083;-0.137
-0.266;-0.042;-0.139;-0.115
-0.281;-0.1;-0.144;-0.154
-0.173;-0.039;-0.144;-0.149
-0.103;-0.115;-0.061;-0.168
-0.132;-0.068;-0.032;-0.156
-0.239;-0.029;-0.059;-0.107
-0.171;-0.078;-0.002;-0.049
-0.176;-0.144;-0.042;-0.076
-0.01;-0.005;-0.068;-0.176
0.144;-0.117;-0.085;-0.09
0.115;-0.205;-0.149;-0.081
0.0;-0.098;-0.171;-0.225
-0.083;-0.078;-0.171;-0.151
-0.132;-0.078;-0.166;-0.12
-0.027;-0.181;-0.103;-0.071
-0.068;-0.034;-0.098;-0.029
-0.19;-0.024;-0.098;-0.042
-0.149;-0.137;-0.156;-0.073
-0.049;-0.217;-0.164;-0.071
-0.146;-0.01;-0.215;-0.046
-0.166;-0.059;-0.229;-0.156
-0.159;-0.017;-0.168;-0.112
-0.098;-0.103;-0.095;-0.2
-0.271;0.063;-0.078;-0.132
-0.251;-0.139;-0.156;-0.173
-0.276;-0.166;-0.081;-0.1
-0.203;-0.269;-0.134;-0.134
-0.178;-0.154;-0.085;-0.134
-0.056;-0.09;-0.142;-0.139
-0.144;-0.081;-0.107;-0.095
-0.19;-0.11;-0.142;-0.034
-0.125;-0.193;-0.115;-0.139
-0.061;-0.054;-0.054;-0.168
-0.034;-0.01;-0.027;-0.029
-0.142;-0.017;-0.134;0.007
-0.103;-0.193;-0.156;-0.063
-0.066;-0.098;-0.134;-0.081
-0.115;-0.083;-0.081;-0.166
-0.125;-0.215;-0.049;-0.11
-0.098;-0.115;-0.139;-0.063
-0.186;-0.039;-0.132;-0.083
-0.168;-0.107;-0.088;-0.063
-0.103;-0.249;-0.039;-0.088
-0.107;-0.205;-0.078;-0.095
-0.161;-0.205;-0.093;-0.146
-0.312;-0.054;-0.081;-0.112
-0.249;-0.029;-0.112;-0.11
-0.022;0.103;-0.095;-0.081
-0.042;0.054;-0.071;-0.122
-0.183;-0.159;-0.039;-0.151
-0.068;-0.083;-0.149;-0.095
-0.11;-0.085;-0.139;-0.125
-0.039;-0.193;-0.073;-0.049
-0.039;-0.156;-0.171;-0.115
-0.208;-0.166;-0.132;-0.063
-0.264;-0.142;-0.151;-0.073
-0.1;-0.112;-0.107;-0.02
-0.059;-0.103;-0.2;-0.144
-0.171;-0.188;-0.222;-0.103
-0.198;0.0;-0.178;-0.078
-0.237;-0.078;-0.166;-0.134
-0.227;-0.066;-0.122;-0.259
-0.134;-0.149;-0.107;-0.203
-0.256;-0.085;-0.137;-0.144
-0.117;-0.125;-0.105;-0.093
-0.166;-0.166;-0.122;-0.088
-0.078;-0.061;-0.12;-0.134
-0.078;-0.139;-0.085;-0.134
-0.144;-0.149;-0.046;-0.081
-0.112;-0.178;-0.09;-0.078
-0.066;-0.063;-0.154;-0.117
-0.007;-0.249;-0.073;-0.073
-0.083;-0.144;-0.044;-0.122
-0.093;-0.168;-0.09;-0.164
-0.095;-0.178;-0.203;-0.171
-0.063;-0.234;-0.232;-0.098
-0.093;-0.054;-0.183;-0.073
-0.134;-0.056;-0.134;-0.088
-0.229;0.034;-0.117;-0.11
-0.142;-0.029;-0.132;-0.132
-0.059;-0.078;-0.142;-0.01
-0.112;-0.176;-0.112;-0.081
-0.164;-0.132;-0.154;-0.068
-0.203;-0.017;-0.132;-0.049
-0.2;-0.088;-0.156;-0.081
-0.154;-0.037;-0.139;0.012
-0.083;-0.078;-0.142;-0.076
-0.186;-0.032;-0.134;-0.144
-0.205;-0.161;-0.168;-0.105
-0.044;-0.117;-0.095;-0.056
-0.076;-0.273;-0.059;-0.19
-0.11;-0.215;-0.09;-0.142
-0.127;-0.168;-0.115;-0.1
-0.164;-0.159;-0.112;-0.073
-0.208;-0.112;-0.154;-0.127
-0.168;-0.032;-0.139;-0.166
-0.225;-0.02;-0.083;-0.188
-0.103;-0.088;-0.117;-0.12
-0.059;-0.095;-0.173;-0.098
-0.103;-0.132;-0.173;-0.164
-0.159;-0.02;-0.159;-0.164
-0.178;0.017;-0.083;-0.122
-0.186;-0.012;-0.156;-0.129
-0.098;-0.181;-0.095;-0.073
-0.105;-0.085;-0.093;-0.125
-0.249;-0.19;-0.103;-0.063
-0.217;-0.281;-0.044;-0.085
-0.129;-0.105;0.02;-0.098
0.0;0.0;-0.107;-0.195
-0.027;-0.037;-0.068;-0.107
-0.01;-0.251;-0.105;-0.129
0.115;-0.337;-0.032;-0.076
0.017;-0.193;-0.083;-0.134
-0.127;-0.12;-0.081;-0.051
-0.195;-0.098;-0.125;-0.024
-0.09;-0.117;-0.186;-0.151
-0.002;-0.146;-0.208;-0.144
-0.098;-0.085;-0.193;-0.088
-0.276;-0.01;-0.195;-0.068
-0.254;-0.042;-0.186;-0.098
-0.022;-0.066;-0.181;-0.039
-0.059;-0.002;-0.083;-0.107
-0.208;0.054;-0.134;-0.073
-0.151;0.056;-0.183;-0.071
-0.054;-0.149;-0.115;-0.205
0.002;-0.193;-0.129;-0.164
-0.115;-0.12;-0.11;-0.103
-0.205;-0.066;-0.012;-0.015
-0.281;-0.088;-0.12;-0.127
-0.098;-0.325;-0.154;-0.09
0.073;-0.146;-0.127;-0.066
-0.002;-0.173;-0.037;0.005
-0.115;0.037;-0.122;-0.115
-0.117;-0.166;-0.183;-0.164
0.073;-0.168;-0.095;-0.193
-0.166;-0.032;-0.022;-0.237
-0.2;0.181;-0.059;-0.217
-0.344;-0.061;-0.073;-0.081
-0.215;-0.081;-0.129;0.081
-0.127;0.042;-0.09;0.024
-0.276;-0.081;0.01;-0.161
-0.332;-0.247;-0.049;-0.007
-0.044;-0.122;-0.071;0.149
-0.137;-0.2;-0.09;0.022
-0.195;-0.234;-0.115;-0.117
-0.002;-0.186;-0.005;-0.146
0.024;-0.232;-0.027;-0.198
-0.232;-0.188;-0.095;-0.164
-0.222;-0.215;-0.22;-0.073
-0.088;-0.293;-0.225;-0.12
-0.1;-0.239;-0.059;-0.122
-0.081;-0.225;-0.073;-0.134
-0.076;-0.261;-0.181;-0.017
-0.098;-0.078;-0.276;0.098
-0.083;-0.071;-0.222;-0.107
-0.137;-0.071;-0.183;-0.195
-0.288;-0.071;-0.166;-0.159
-0.415;0.083;-0.066;-0.151
-0.244;0.068;-0.144;-0.122
-0.31;-0.276;-0.083;-0.129
-0.286;-0.305;-0.115;-0.134
-0.112;-0.051;-0.002;-0.059
-0.166;-0.049;0.046;-0.029
-0.164;-0.032;-0.078;-0.125
-0.034;-0.137;-0.117;-0.161
0.02;-0.31;-0.046;-0.115
-0.068;-0.081;0.024;-0.095
-0.098;-0.044;-0.107;-0.085
0.01;-0.156;-0.183;-0.205
0.134;-0.251;-0.117;-0.129
0.017;0.027;-0.012;-0.11
-0.105;-0.105;-0.059;-0.115
-0.066;-0.115;-0.127;-0.059
-0.042;-0.11;-0.178;-0.044
-0.093;-0.088;-0.151;-0.103
-0.134;0.017;-0.088;-0.056
-0.195;0.103;-0.081;-0.063
-0.237;-0.112;-0.12;-0.127
-0.078;-0.068;-0.19;-0.09
-0.137;-0.222;-0.237;-0.098
-0.186;0.076;-0.083;-0.015
-0.188;-0.015;0.007;-0.176
-0.183;-0.054;0.015;-0.317
-0.181;-0.247;-0.129;-0.125
-0.129;-0.168;-0.154;-0.085
-0.049;-0.251;-0.054;-0.205
0.068;-0.278;-0.117;-0.166
0.171;-0.322;-0.09;-0.117
0.012;-0.21;-0.129;-0.156
-0.078;-0.166;-0.137;-0.095
-0.078;0.017;-0.178;-0.046
-0.078;-0.349;-0.142;-0.208
-0.061;-0.386;-0.076;-0.166
-0.066;-0.247;-0.115;-0.159
-0.203;-0.095;-0.105;-0.142
-0.405;-0.134;-0.117;-0.061
-0.22;-0.105;-0.137;-0.046
-0.015;0.039;-0.21;-0.161
-0.132;0.088;-0.1;-0.037
-0.171;-0.161;-0.066;-0.129
-0.3;-0.005;-0.068;-0.125
-0.244;-0.046;-0.105;-0.068
-0.078;-0.11;-0.063;-0.01
-0.032;-0.295;-0.122;-0.105
-0.103;-0.073;-0.107;-0.071
-0.339;0.0;-0.156;-0.146
-0.122;-0.205;-0.142;-0.149
-0.017;-0.232;-0.115;-0.049
-0.1;-0.205;-0.125;-0.129
-0.239;-0.159;-0.156;-0.122
-0.208;-0.217;-0.144;-0.068
-0.11;-0.061;-0.103;-0.076
-0.225;-0.098;-0.095;-0.078
-0.205;-0.015;-0.139;-0.11
-0.144;-0.063;-0.117;-0.122
-0.12;-0.134;-0.19;-0.1
-0.256;-0.024;-0.107;-0.095
-0.132;-0.002;-0.073;-0.11
-0.183;-0.125;-0.081;-0.173
-0.327;-0.286;-0.061;-0.215
-0.308;0.002;-0.09;-0.105
-0.205;0.039;-0.078;-0.171
-0.183;-0.261;-0.134;-0.132
-0.239;-0.232;-0.1;-0.098
-0.076;-0.056;-0.027;-0.068
0.088;-0.232;-0.049;-0.161
-0.012;-0.479;-0.007;-0.127
-0.259;-0.156;-0.127;-0.181
-0.3;-0.283;-0.081;-0.161
0.105;0.149;-0.139;-0.088
0.154;-0.176;-0.02;-0.227
0.293;0.144;-0.107;-0.171
0.002;-0.188;0.005;-0.017
-0.19;0.078;-0.203;-0.029
-0.22;-0.217;-0.251;0.005
-0.139;-0.178;-0.112;0.076
0.046;-0.193;-0.032;-0.273
-0.205;0.017;0.007;-0.217
-0.32;0.007;-0.173;-0.007
-0.012;0.273;-0.149;-0.139
-0.078;-0.149;-0.09;-0.134
0.11;-0.161;0.061;-0.227
-0.11;-0.225;0.046;-0.3
-0.334;-0.015;-0.068;-0.303
-0.259;-0.271;-0.11;-0.073
-0.037;-0.239;-0.059;-0.083
-0.076;-0.178;-0.071;-0.056
-0.11;-0.205;-0.061;-0.098
0.093;-0.32;-0.076;-0.103
0.115;-0.244;-0.103;-0.11
-0.176;-0.161;-0.112;-0.129
-0.044;0.007;-0.2;-0.11
-0.085;-0.254;-0.151;-0.173
0.127;-0.183;-0.088;-0.132
0.059;-0.015;-0.073;-0.078
-0.3;0.107;-0.146;-0.063
-0.125;0.002;-0.244;-0.015
-0.015;-0.09;-0.203;-0.061
-0.078;-0.293;-0.161;-0.032
-0.073;-0.2;-0.142;-0.115
-0.156;-0.071;-0.088;0.054
-0.151;-0.164;-0.161;-0.164
-0.12;-0.269;-0.066;-0.171
0.264;-0.151;-0.066;-0.168
-0.134;-0.024;-0.154;-0.256
-0.181;0.11;-0.115;-0.117
-0.188;0.068;-0.129;-0.205
-0.037;-0.242;0.044;-0.112
-0.059;-0.261;-0.166;-0.173
-0.122;-0.242;-0.149;-0.078
0.171;-0.127;-0.217;-0.19
0.024;-0.217;-0.093;-0.09
-0.2;-0.071;-0.078;-0.146
-0.247;0.227;-0.056;-0.022
-0.295;0.125;-0.217;-0.168
-0.02;-0.112;-0.205;-0.115
0.134;0.01;-0.168;-0.203
-0.193;-0.154;-0.068;-0.164
-0.144;-0.308;-0.098;-0.012
-0.061;-0.271;-0.103;-0.042
-0.247;-0.181;-0.054;-0.161
-0.178;-0.032;-0.012;-0.049
-0.078;-0.217;-0.11;-0.024
-0.244;-0.115;-0.154;-0.056
-0.217;-0.293;-0.156;-0.02
-0.208;-0.11;-0.095;-0.193
-0.156;-0.164;-0.073;-0.2
-0.061;-0.127;-0.007;-0.083
-0.029;-0.095;-0.12;-0.112
-0.039;-0.081;-0.125;-0.139
-0.137;-0.017;-0.059;-0.071
-0.139;-0.205;-0.017;-0.049
0.117;-0.298;-0.112;-0.103
0.007;-0.342;-0.159;0.037
-0.259;0.012;-0.229;-0.095
-0.41;-0.051;-0.107;-0.073
-0.288;-0.188;-0.068;-0.012
-0.125;-0.21;-0.081;-0.022
-0.093;-0.061;-0.205;-0.159
-0.01;-0.056;-0.154;-0.046
-0.078;-0.132;-0.142;-0.125
-0.142;0.037;-0.127;-0.051
-0.225;-0.2;-0.244;-0.061
-0.137;-0.378;-0.117;-0.159
-0.115;-0.264;-0.11;-0.11
-0.215;-0.273;-0.042;-0.144
-0.22;-0.156;-0.049;-0.107
-0.139;-0.261;-0.066;-0.134
-0.198;-0.212;-0.186;-0.181
-0.247;-0.11;-0.117;-0.154
-0.063;-0.222;-0.042;-0.217
0.073;-0.19;0.005;-0.203
0.073;0.054;-0.022;-0.088
-0.107;0.054;-0.127;-0.103
-0.088;-0.134;-0.127;-0.161
-0.115;-0.193;-0.071;-0.122
-0.142;-0.21;-0.044;-0.168
0.054;-0.181;-0.068;-0.198
0.093;0.027;-0.127;-0.105
-0.066;-0.061;-0.215;-0.156
-0.007;-0.115;-0.159;-0.156
-0.017;-0.288;-0.132;-0.164
-0.105;0.002;-0.127;-0.156
-0.256;-0.098;-0.139;-0.107
-0.227;-0.208;-0.205;-0.063
-0.117;-0.244;-0.112;-0.159
-0.212;-0.056;-0.042;-0.154
-0.408;-0.098;-0.039;-0.19
-0.105;-0.103;-0.081;-0.103
-0.029;0.01;-0.239;-0.122
0.027;0.054;-0.173;-0.051
0.049;0.027;-0.132;-0.12
-0.049;-0.229;-0.122;-0.122
-0.132;-0.227;-0.21;-0.049
-0.229;-0.115;-0.212;-0.068
-0.234;-0.166;-0.181;0.005
-0.156;-0.02;-0.098;-0.125
-0.132;-0.081;-0.149;-0.078
-0.09;-0.095;-0.217;-0.159
-0.076;-0.215;-0.181;-0.073
-0.056;-0.139;-0.251;-0.127
-0.19;-0.1;-0.159;-0.229
-0.234;-0.027;-0.12;-0.151
-0.186;-0.222;-0.081;-0.176
0.046;-0.225;-0.125;-0.112
0.037;-0.156;-0.166;-0.051
-0.1;-0.164;-0.154;-0.059
-0.325;-0.21;-0.027;-0.149
-0.266;-0.21;0.015;-0.149
-0.159;-0.256;-0.093;-0.134
-0.015;-0.312;-0.125;-0.203
0.039;-0.342;-0.027;-0.178
0.034;-0.19;-0.012;-0.208
-0.134;-0.164;-0.054;-0.093
-0.149;-0.066;-0.166;-0.02
-0.049;-0.188;-0.212;-0.107
0.022;-0.356;-0.071;-0.164
-0.037;-0.21;-0.012;-0.112
-0.063;-0.066;-0.107;-0.161
-0.154;0.093;-0.154;-0.073
-0.176;0.044;-0.125;0.015
-0.161;0.212;-0.125;-0.117
-0.061;-0.085;-0.083;-0.139
-0.159;0.01;0.002;-0.137
-0.342;0.049;-0.122;-0.11
-0.212;0.042;-0.132;-0.103
-0.178;-0.107;-0.132;-0.081
-0.259;-0.095;-0.042;-0.242
-0.154;-0.154;-0.007;-0.068
-0.137;-0.054;-0.129;-0.129
-0.154;0.083;-0.225;-0.068
0.007;-0.024;-0.271;-0.039
0.061;-0.156;-0.078;-0.159
-0.125;-0.325;-0.037;-0.105
-0.11;-0.093;-0.095;-0.032
-0.063;-0.208;-0.161;-0.107
0.02;-0.146;-0.095;-0.137
-0.002;-0.039;-0.042;-0.186
-0.132;0.029;-0.066;-0.205
-0.181;-0.125;-0.156;-0.12
-0.181;-0.134;-0.156;-0.188
-0.352;-0.029;-0.149;-0.068
-0.217;-0.122;-0.107;-0.071
-0.037;-0.039;-0.063;-0.046
-0.088;-0.178;-0.146;-0.186
-0.271;-0.144;-0.071;-0.134
-0.242;-0.149;-0.042;-0.139
-0.134;-0.195;-0.098;-0.122
-0.132;-0.09;-0.156;-0.049
-0.027;-0.276;-0.178;-0.093
-0.034;-0.051;-0.078;-0.032
-0.159;-0.117;-0.107;-0.193
-0.266;-0.068;-0.061;-0.208
-0.122;-0.317;-0.161;-0.027
-0.137;-0.159;-0.229;-0.012
-0.173;-0.081;-0.208;-0.071
-0.02;-0.032;-0.088;-0.02
-0.027;-0.137;-0.085;-0.154
-0.068;-0.085;-0.083;-0.173
-0.298;-0.105;-0.146;-0.027
-0.2;0.107;-0.151;-0.203
-0.159;-0.024;-0.107;-0.164
-0.015;-0.198;-0.083;-0.139
-0.183;-0.088;-0.085;-0.122
-0.227;-0.129;-0.166;-0.088
-0.11;-0.142;-0.081;0.012
-0.078;-0.31;-0.151;-0.142
-0.005;-0.027;-0.071;-0.11
-0.059;-0.137;-0.105;-0.068
-0.151;-0.203;-0.161;-0.134
-0.132;-0.19;-0.178;-0.122
0.051;-0.19;-0.107;-0.151
0.137;-0.176;-0.1;-0.208
0.042;-0.061;-0.139;-0.156
-0.1;0.002;-0.156;-0.164
-0.2;-0.139;-0.122;-0.129
-0.034;-0.09;-0.132;-0.129
-0.161;-0.066;-0.117;0.0
-0.159;-0.139;-0.212;0.015
-0.142;0.083;-0.205;-0.088
-0.093;-0.359;-0.186;-0.078
0.068;-0.081;-0.2;-0.164
-0.239;-0.166;-0.193;-0.22
-0.193;0.063;-0.225;-0.222
-0.151;-0.186;-0.083;-0.083
-0.103;-0.022;-0.168;-0.212
-0.242;0.005;-0.122;-0.127
-0.303;-0.032;-0.134;-0.059
-0.193;-0.168;-0.132;-0.161
-0.093;-0.139;-0.088;-0.081
-0.151;-0.164;-0.093;-0.107
0.037;-0.059;-0.1;-0.042
-0.088;-0.312;-0.149;-0.017
-0.11;-0.144;-0.078;-0.176
-0.22;-0.2;-0.173;-0.208
-0.217;-0.007;-0.232;-0.134
0.044;-0.088;-0.181;-0.039
-0.156;-0.139;-0.195;-0.164
-0.181;-0.09;-0.066;-0.066
-0.391;0.098;-0.078;-0.1
-0.21;-0.132;-0.088;-0.178
-0.156;-0.09;-0.142;-0.032
-0.227;0.002;-0.146;-0.198
-0.146;-0.161;-0.103;-0.105
-0.083;0.012;-0.117;-0.1
-0.063;-0.063;-0.022;-0.078
-0.103;-0.103;-0.076;-0.156
-0.293;-0.095;-0.029;-0.125
-0.078;-0.217;-0.054;-0.203
-0.125;-0.244;-0.098;-0.117
-0.054;-0.134;-0.132;-0.022
-0.046;-0.024;-0.112;-0.127
-0.09;-0.181;-0.068;-0.002
-0.027;-0.242;-0.083;-0.044
-0.017;-0.098;-0.103;-0.054
-0.042;-0.286;-0.122;-0.037
0.005;-0.166;-0.193;-0.156
-0.059;-0.012;-0.186;-0.129
-0.188;-0.044;-0.217;-0.161
-0.193;-0.1;-0.215;-0.161
-0.339;-0.149;-0.173;-0.132
-0.254;0.066;-0.166;-0.127
-0.161;-0.042;-0.183;-0.107
-0.103;-0.117;-0.142;-0.151
-0.156;-0.129;-0.159;-0.183
-0.193;-0.081;-0.085;-0.098
-0.132;-0.046;-0.137;-0.164
-0.129;-0.125;-0.076;-0.156
-0.117;-0.02;-0.088;-0.154
-0.176;-0.193;-0.168;-0.144
-0.027;-0.127;-0.19;-0.183
-0.059;-0.217;-0.068;-0.176
-0.117;-0.237;-0.12;-0.076
-0.081;-0.002;-0.188;-0.059
-0.085;-0.203;-0.154;-0.076
-0.073;-0.229;-0.149;-0.105
-0.024;-0.227;-0.161;-0.137
-0.012;-0.117;-0.146;-0.088
-0.049;-0.286;-0.142;-0.127
-0.09;-0.166;-0.146;-0.112
-0.269;-0.195;-0.181;-0.073
-0.334;0.044;-0.12;-0.046
-0.227;-0.103;-0.066;-0.137
-0.063;-0.051;-0.015;-0.117
-0.171;-0.115;-0.098;-0.156
-0.173;-0.149;-0.051;-0.129
-0.166;-0.247;-0.054;-0.151
-0.02;-0.2;-0.085;-0.11
-0.012;-0.037;-0.115;-0.103
-0.115;-0.095;-0.088;-0.134
-0.146;-0.088;-0.095;-0.247
-0.061;-0.266;-0.066;-0.247
-0.027;-0.364;-0.159;-0.159
-0.056;-0.315;-0.139;-0.149
-0.051;-0.071;-0.103;-0.1
-0.081;-0.071;-0.063;-0.212
-0.161;0.098;-0.1;-0.183
-0.061;-0.051;-0.054;-0.173
0.022;-0.105;-0.127;-0.044
-0.078;0.007;-0.229;-0.022
-0.264;-0.056;-0.2;-0.054
-0.271;-0.078;-0.166;-0.154
-0.139;-0.205;-0.034;-0.181
-0.308;-0.212;-0.093;-0.122
-0.337;-0.081;-0.203;-0.049
-0.334;-0.098;-0.171;-0.034
-0.159;-0.083;-0.081;-0.103
-0.046;-0.166;-0.066;-0.146
-0.049;-0.032;-0.12;-0.078
-0.2;-0.059;-0.234;-0.09
-0.071;-0.249;-0.168;-0.063
-0.007;-0.198;-0.115;-0.125
-0.027;0.017;-0.002;-0.066
-0.063;-0.095;-0.046;-0.129
-0.029;-0.129;-0.093;-0.125
0.01;-0.205;-0.164;-0.1
-0.059;-0.12;-0.1;-0.186
-0.105;-0.076;-0.071;-0.234
-0.183;-0.21;-0.103;-0.188
-0.112;-0.076;-0.156;-0.107
-0.1;0.015;-0.181;-0.1
-0.134;-0.073;-0.193;-0.105
-0.098;-0.015;-0.19;-0.11
-0.105;-0.098;-0.071;-0.056
-0.225;0.002;-0.061;-0.193
-0.276;0.046;-0.068;-0.103
-0.117;-0.093;-0.137;-0.166
-0.02;-0.271;-0.132;-0.032
0.088;-0.195;-0.107;-0.12
-0.059;-0.342;-0.01;-0.051
-0.291;-0.215;-0.076;-0.063
-0.242;-0.112;-0.139;-0.029
-0.056;-0.2;-0.244;-0.017
0.024;-0.222;-0.156;-0.059
0.0;-0.21;-0.037;-0.171
-0.076;0.056;-0.005;-0.068
-0.085;-0.073;-0.112;-0.066
-0.056;-0.193;-0.103;-0.103
-0.068;-0.042;-0.125;-0.063
-0.352;0.0;-0.066;-0.11
-0.288;0.0;-0.081;-0.049
-0.2;-0.078;-0.122;-0.112
-0.269;-0.068;-0.088;-0.129
-0.281;-0.027;-0.166;-0.149
-0.068;-0.088;-0.127;-0.144
-0.093;0.024;-0.149;-0.205
-0.254;-0.071;-0.073;-0.166
-0.225;-0.156;-0.059;-0.225
-0.1;-0.166;-0.005;-0.254
0.088;-0.042;-0.081;-0.122
0.01;-0.107;-0.1;-0.049
0.024;-0.012;-0.095;-0.127
0.146;-0.315;-0.078;-0.205
0.012;-0.164;-0.037;-0.212
0.054;-0.088;-0.068;-0.071
0.078;-0.032;-0.127;-0.142
0.0;-0.117;-0.193;-0.137
-0.291;-0.103;-0.198;-0.149
-0.222;-0.037;-0.063;-0.129
-0.083;-0.049;-0.027;-0.151
-0.137;-0.095;-0.159;-0.076
-0.225;-0.115;-0.195;-0.029
-0.217;-0.129;-0.098;-0.146
-0.078;-0.027;-0.044;-0.115
-0.159;0.034;-0.1;-0.251
-0.273;-0.139;-0.139;-0.002
-0.239;-0.171;-0.198;-0.088
-0.095;-0.112;-0.112;-0.127
-0.298;-0.059;-0.002;-0.122
-0.205;-0.125;-0.015;-0.107
0.007;-0.193;-0.076;-0.046
-0.073;-0.281;-0.142;-0.01
-0.078;-0.171;-0.132;0.002
0.005;-0.112;-0.061;-0.095
-0.034;-0.029;-0.024;-0.051
-0.088;-0.029;-0.144;-0.076
-0.112;-0.188;-0.156;-0.007
-0.103;-0.02;-0.166;-0.09
-0.21;-0.176;-0.007;-0.142
-0.244;0.049;-0.007;-0.022
-0.183;0.046;-0.098;0.054
-0.071;0.181;-0.156;-0.032
-0.222;-0.005;-0.12;-0.005
-0.198;0.037;-0.051;-0.042
-0.005;-0.22;0.024;-0.105
-0.037;-0.327;-0.032;-0.19
-0.076;0.037;-0.088;-0.22
-0.19;-0.139;-0.056;-0.095
-0.112;-0.212;-0.039;-0.173
0.093;-0.176;-0.083;-0.195
0.068;-0.178;-0.054;-0.256
0.127;-0.269;-0.09;-0.317
0.269;-0.203;-0.088;-0.078
0.042;-0.208;-0.225;-0.029
-0.029;-0.137;-0.081;0.0
-0.078;-0.315;-0.09;0.437
-0.225;-0.295;-0.305;-0.161
-0.266;-0.146;-0.137;-0.022
-0.139;-0.061;-0.271;-0.09
-0.022;-0.256;-0.068;-0.483
-0.11;-0.103;-0.078;-0.12
-0.239;0.049;-0.159;-0.159
-0.269;-0.081;-0.139;0.005
-0.208;-0.073;-0.024;0.276
-0.239;-0.154;-0.12;0.056
-0.049;-0.137;0.01;-0.53
-0.122;-0.168;0.166;0.205
-0.198;-0.188;-0.479;0.054
-0.117;-0.171;-0.032;0.032
-0.112;-0.134;-0.068;-0.21
-0.178;-0.017;0.308;-0.066
-0.31;-0.022;-0.054;-0.156
-0.161;-0.039;-0.103;0.056
0.042;-0.154;-0.457;-0.374
0.103;-0.039;-0.073;-0.146
-0.059;-0.024;-0.044;-0.405
-0.054;-0.125;0.12;-0.105
-0.1;-0.166;-0.071;0.063
-0.171;0.02;-0.159;0.161
-0.154;-0.063;-0.342;-0.176
-0.122;-0.022;-0.132;-0.232
-0.076;-0.083;-0.178;-0.398
-0.234;0.09;0.046;-0.105
-0.156;-0.107;-0.137;-0.142
-0.088;-0.01;0.024;-0.212
0.022;-0.198;-0.02;-0.002
0.051;-0.081;-0.054;0.046
-0.029;-0.012;-0.266;-0.227
0.007;-0.198;-0.002;0.117
-0.09;-0.139;-0.31;-0.063
0.032;-0.015;0.066;-0.269
0.015;-0.085;0.125;0.085
-0.042;-0.166;-0.024;-0.254
-0.117;-0.107;-0.122;-0.234
-0.073;-0.103;-0.122;-0.103
-0.022;-0.161;-0.068;0.115
-0.007;-0.056;-0.291;0.022
-0.066;0.012;-0.181;0.081
-0.105;-0.032;-0.208;-0.073
0.029;-0.212;-0.11;-0.042
0.054;-0.19;-0.142;0.051
-0.137;-0.022;-0.146;-0.139
-0.098;-0.056;-0.103;0.022
-0.081;-0.142;-0.176;0.11
-0.088;0.0;0.02;0.071
-0.232;-0.007;-0.037;0.027
-0.188;-0.261;0.017;-0.051
-0.127;-0.222;-0.2;-0.4
-0.078;-0.193;0.007;-0.205
-0.002;-0.149;-0.164;-0.146
0.085;-0.149;0.01;-0.181
-0.024;-0.042;-0.073;0.066
-0.193;-0.078;-0.034;-0.103
-0.059;-0.195;-0.059;-0.283
0.017;-0.359;-0.144;-0.168
-0.063;-0.259;-0.117;0.034
-0.164;-0.154;-0.222;-0.017
-0.078;-0.166;-0.21;-0.015
-0.122;-0.095;-0.161;-0.049
-0.22;-0.015;-0.088;-0.056
-0.139;-0.034;0.0;-0.181
0.029;-0.217;-0.056;-0.264
-0.015;-0.242;-0.171;-0.291
-0.193;0.022;-0.032;-0.242
-0.205;0.002;-0.154;-0.188
-0.183;0.005;-0.088;0.088
-0.176;-0.203;-0.225;-0.127
-0.098;-0.044;-0.115;-0.33
-0.112;-0.166;-0.168;0.042
-0.203;-0.186;-0.256;0.076
-0.115;-0.166;-0.21;-0.129
-0.061;-0.007;-0.093;-0.222
-0.103;-0.146;-0.146;-0.349
0.039;-0.085;0.029;-0.352
-0.007;-0.11;0.037;-0.015
-0.105;-0.098;-0.193;-0.137
-0.115;-0.227;-0.215;-0.002
0.076;-0.032;-0.208;-0.007
-0.11;-0.168;-0.049;-0.059
-0.088;-0.129;-0.039;-0.078
-0.051;-0.066;-0.129;0.012
-0.193;0.005;-0.225;-0.156
-0.188;0.029;-0.107;-0.208
-0.217;0.122;0.022;-0.095
-0.303;0.09;0.093;-0.156
-0.168;-0.105;-0.029;-0.122
-0.159;-0.154;-0.195;-0.261
-0.076;-0.195;-0.117;-0.127
0.015;-0.024;-0.142;-0.212
0.063;-0.085;0.007;-0.144
0.005;-0.178;0.007;-0.186
-0.002;-0.288;-0.039;-0.073
-0.149;-0.127;-0.161;-0.046
-0.083;-0.156;-0.225;0.154
0.046;-0.254;-0.164;-0.061
-0.037;-0.239;-0.02;-0.254
-0.237;-0.032;-0.125;-0.071
-0.205;-0.02;-0.127;-0.061
-0.115;0.007;0.005;-0.2
-0.103;-0.051;0.002;-0.037
-0.11;-0.017;-0.149;-0.198
-0.237;0.034;-0.115;-0.229
-0.251;-0.066;-0.166;-0.12
-0.244;-0.203;-0.188;0.017
-0.071;-0.054;-0.168;-0.085
-0.164;0.015;-0.002;-0.071
-0.061;-0.239;-0.044;-0.051
0.046;-0.144;-0.024;-0.066
-0.078;-0.11;-0.063;-0.137
-0.31;-0.129;-0.085;-0.205
-0.132;-0.083;-0.142;-0.222
-0.022;-0.3;-0.122;-0.176
-0.027;-0.217;-0.073;-0.2
-0.027;-0.22;-0.19;-0.2
0.027;-0.183;-0.215;-0.046
-0.049;-0.093;-0.183;-0.022
-0.061;-0.112;-0.203;0.0
0.0;-0.225;-0.151;-0.173
-0.205;-0.112;-0.076;-0.076
-0.312;-0.125;-0.112;-0.215
-0.273;-0.142;-0.063;-0.156
-0.078;-0.232;-0.183;-0.3
0.051;-0.242;-0.117;-0.271
-0.105;-0.083;-0.071;-0.3
-0.11;0.024;0.049;-0.259
-0.254;-0.054;-0.073;-0.156
-0.234;-0.054;-0.154;-0.1
-0.056;0.012;-0.103;-0.032
0.02;-0.081;-0.027;-0.022
-0.132;-0.205;-0.049;-0.037
-0.261;-0.034;-0.19;-0.071
-0.142;-0.093;-0.193;-0.09
-0.022;-0.068;-0.137;-0.178
0.037;-0.085;-0.176;-0.256
-0.056;0.071;-0.105;-0.291
-0.107;-0.054;-0.081;-0.193
-0.134;-0.085;-0.098;-0.061
-0.11;-0.054;-0.11;-0.02
-0.039;-0.139;-0.156;-0.054
-0.012;-0.098;-0.105;-0.039
-0.151;-0.112;-0.171;-0.002
-0.247;-0.151;-0.166;-0.044
-0.095;-0.132;-0.32;0.002
-0.071;-0.291;-0.217;-0.049
-0.166;-0.125;-0.134;-0.139
-0.203;-0.02;-0.027;-0.061
-0.178;-0.059;-0.098;-0.164
-0.071;-0.073;-0.088;-0.081
-0.149;-0.088;-0.161;-0.251
-0.061;-0.088;0.027;-0.251
0.027;-0.183;0.017;-0.247
-0.022;-0.176;-0.039;-0.12
-0.139;-0.088;-0.125;-0.122
-0.068;0.0;-0.171;-0.007
-0.095;-0.176;-0.11;-0.076
-0.081;-0.159;-0.032;-0.095
0.037;-0.137;-0.154;-0.168
-0.115;-0.112;-0.161;-0.2
-0.095;-0.142;-0.146;-0.059
-0.112;-0.115;-0.107;-0.166
-0.037;-0.095;-0.095;-0.112
-0.212;-0.056;-0.105;-0.22
-0.161;-0.085;-0.132;-0.195
0.002;-0.234;-0.095;-0.22
-0.112;-0.11;-0.071;-0.193
-0.212;-0.115;-0.081;-0.222
-0.234;-0.027;-0.142;0.012
-0.056;-0.183;-0.12;-0.068
-0.039;-0.081;-0.115;-0.005
-0.132;-0.125;-0.171;-0.068
-0.154;-0.054;-0.103;-0.042
-0.095;-0.261;-0.068;-0.117
-0.056;-0.308;-0.054;-0.225
-0.046;-0.168;-0.115;-0.154
-0.112;-0.085;-0.039;-0.117
-0.115;-0.083;-0.146;-0.11
-0.046;-0.015;-0.186;-0.076
-0.02;-0.034;-0.215;-0.049
-0.002;-0.178;-0.178;-0.183
-0.022;-0.203;-0.063;-0.159
-0.059;-0.071;-0.149;-0.061
-0.137;-0.002;-0.176;0.007
-0.078;0.034;-0.173;0.012
-0.071;-0.071;-0.049;-0.186
-0.19;-0.186;0.09;-0.156
-0.132;-0.02;-0.066;-0.244
-0.305;-0.076;-0.176;-0.203
-0.332;-0.164;-0.195;-0.022
-0.303;-0.142;-0.134;-0.22
-0.186;-0.078;-0.032;-0.122
-0.176;-0.186;-0.19;-0.093
-0.183;-0.154;-0.183;-0.083
-0.156;-0.266;-0.151;-0.154
-0.171;-0.117;-0.1;-0.222
-0.115;-0.291;-0.042;-0.232
-0.127;-0.146;-0.093;-0.11
-0.059;-0.122;-0.215;-0.042
-0.093;-0.078;-0.291;-0.032
-0.137;-0.193;-0.183;-0.115
-0.059;-0.212;-0.103;-0.151
-0.12;-0.215;-0.151;-0.103
-0.269;-0.149;-0.234;0.076
-0.347;0.032;-0.19;0.054
-0.081;0.022;-0.051;-0.071
0.015;-0.054;-0.056;0.01
-0.137;-0.122;-0.146;-0.188
-0.229;-0.01;-0.156;-0.122
-0.156;-0.088;-0.081;-0.103
-0.1;-0.12;-0.007;-0.188
-0.156;-0.09;0.029;-0.237
-0.215;-0.127;0.083;-0.22
-0.042;-0.178;0.024;-0.09
-0.042;-0.144;-0.068;-0.073
-0.237;-0.144;-0.12;-0.139
-0.181;-0.247;-0.11;-0.154
0.024;-0.137;-0.11;-0.044
0.059;0.015;-0.125;-0.01
-0.037;-0.071;-0.222;0.09
-0.154;-0.061;-0.12;-0.066
-0.068;-0.115;-0.054;-0.078
-0.088;-0.139;-0.056;0.115
-0.144;-0.059;-0.144;0.029
-0.203;-0.076;-0.154;-0.002
-0.303;-0.063;-0.107;-0.088
-0.271;-0.151;-0.115;-0.005
-0.212;0.029;-0.081;-0.098
-0.212;-0.247;-0.159;-0.061
-0.281;-0.037;-0.1;-0.173
-0.271;-0.12;-0.044;-0.208
-0.139;-0.107;-0.022;-0.107
-0.156;-0.183;-0.063;-0.046
-0.217;-0.049;-0.134;0.032
-0.203;-0.054;-0.156;-0.149
-0.059;-0.186;-0.044;-0.081
-0.081;-0.242;-0.027;-0.151
-0.032;-0.073;-0.09;-0.137
-0.044;-0.205;-0.071;-0.271
0.015;-0.193;-0.115;-0.171
-0.134;-0.132;-0.071;-0.195
-0.115;-0.242;-0.105;-0.12
-0.046;-0.244;-0.237;-0.012
-0.037;-0.134;-0.283;-0.051
-0.237;-0.11;-0.247;-0.015
-0.178;-0.242;-0.159;-0.205
-0.142;-0.103;-0.144;-0.183
-0.254;0.007;-0.186;-0.134
-0.312;-0.1;-0.161;0.01
-0.054;-0.037;-0.054;-0.227
-0.122;-0.12;0.076;-0.32
-0.227;-0.132;0.051;-0.288
-0.308;-0.083;-0.095;-0.161
-0.261;-0.139;-0.237;-0.054
-0.195;-0.095;-0.173;-0.024
-0.063;0.022;-0.115;-0.015
-0.181;-0.264;-0.071;-0.063
-0.139;-0.232;-0.117;-0.085
-0.059;-0.11;-0.283;-0.139
-0.032;0.012;-0.171;-0.056
-0.127;-0.071;-0.063;-0.312
-0.095;-0.117;-0.115;-0.208
-0.11;-0.144;-0.251;-0.156
-0.122;-0.042;-0.222;-0.1
-0.1;-0.112;-0.256;-0.005
-0.176;-0.044;-0.166;-0.085
-0.181;-0.054;-0.186;0.054
-0.217;-0.015;-0.095;0.066
-0.164;-0.176;-0.188;-0.081
-0.176;-0.076;-0.076;-0.181
-0.159;-0.137;0.002;-0.107
-0.281;-0.134;-0.02;-0.095
-0.168;-0.005;-0.039;-0.234
-0.146;-0.059;-0.129;-0.161
-0.217;-0.159;-0.105;-0.171
-0.005;-0.12;-0.088;-0.039
0.012;-0.239;-0.154;-0.198
-0.139;-0.171;-0.144;-0.051
-0.151;-0.266;-0.159;-0.139
-0.037;-0.139;-0.054;-0.095
-0.117;-0.244;-0.156;-0.132
-0.017;0.015;-0.146;-0.151
-0.029;-0.095;-0.137;-0.181
0.044;-0.061;-0.107;-0.1
-0.061;-0.247;-0.168;-0.054
-0.083;-0.037;-0.076;-0.088
-0.012;-0.073;-0.09;-0.11
-0.2;-0.081;-0.088;-0.139
-0.193;-0.054;-0.12;-0.02
-0.181;-0.291;-0.117;-0.103
-0.073;-0.059;-0.127;-0.146
-0.21;-0.183;-0.071;-0.068
-0.312;-0.144;-0.037;-0.12
-0.33;-0.281;-0.024;-0.251
-0.232;-0.09;-0.037;-0.222
-0.051;-0.166;-0.144;-0.107
0.007;-0.122;-0.156;-0.127
-0.024;-0.154;-0.247;-0.103
-0.071;-0.117;-0.203;-0.278
0.022;-0.059;-0.022;-0.146
0.039;-0.176;-0.068;-0.166
-0.071;-0.125;-0.193;0.024
-0.061;-0.071;-0.198;0.01
-0.085;-0.134;-0.139;-0.168
0.022;-0.073;-0.178;-0.176
-0.244;0.051;-0.081;-0.068
-0.254;-0.032;-0.171;-0.012
-0.247;-0.093;-0.195;-0.142
-0.247;0.042;-0.237;-0.01
-0.266;0.039;-0.134;-0.259
-0.22;-0.015;0.122;-0.176
-0.122;-0.027;-0.002;-0.222
-0.139;0.037;-0.125;-0.078
-0.178;-0.193;-0.19;-0.295
0.0;-0.168;-0.034;-0.242
-0.083;-0.3;-0.117;-0.212
-0.156;-0.022;-0.066;-0.051
-0.093;-0.059;-0.247;0.022
0.024;-0.054;-0.249;-0.054
0.09;-0.2;-0.103;-0.02
-0.095;-0.112;-0.12;-0.024
-0.107;-0.161;-0.159;-0.132
0.032;-0.198;-0.183;-0.117
0.039;-0.017;-0.156;-0.173
-0.098;-0.083;-0.125;-0.151
-0.061;0.005;-0.076;-0.205
-0.142;0.007;-0.159;-0.076
-0.264;0.115;-0.293;-0.142
-0.156;0.061;-0.259;-0.081
-0.166;-0.039;-0.173;-0.022
-0.186;-0.032;-0.112;-0.042
-0.115;-0.09;-0.173;0.007
-0.178;-0.11;-0.188;-0.051
-0.098;-0.21;-0.144;-0.117
-0.015;-0.117;0.0;-0.203
-0.056;-0.154;-0.056;-0.247
-0.139;-0.059;-0.132;-0.195
-0.044;-0.134;-0.195;-0.22
-0.161;-0.076;-0.164;-0.107
-0.146;-0.156;-0.134;-0.173
-0.105;-0.156;-0.017;-0.146
0.002;-0.22;-0.139;-0.093
-0.002;-0.203;-0.173;-0.029
0.051;-0.105;-0.09;-0.105
-0.037;-0.09;-0.107;-0.139
-0.159;-0.027;-0.09;-0.151
-0.234;0.02;-0.054;-0.005
-0.229;-0.017;-0.117;-0.217
-0.193;-0.1;-0.159;-0.081
-0.112;-0.022;-0.146;-0.142
-0.12;-0.029;0.1;-0.146
-0.198;-0.208;0.0;-0.098
-0.195;-0.237;-0.129;0.024
-0.129;-0.081;-0.198;-0.002
-0.186;-0.159;-0.005;-0.044
-0.027;-0.164;0.051;-0.129
0.044;-0.134;-0.02;-0.068
-0.027;-0.161;-0.188;-0.127
-0.083;-0.232;-0.137;-0.137
-0.022;-0.144;-0.154;-0.105
-0.107;0.017;0.02;-0.129
-0.176;0.005;0.0;-0.112
-0.046;-0.012;-0.142;-0.095
0.11;-0.273;-0.225;0.0
0.049;-0.259;-0.198;-0.061
-0.164;-0.002;-0.076;-0.054
-0.315;0.095;-0.166;-0.051
-0.327;0.022;-0.234;-0.068
-0.229;-0.042;-0.09;-0.144
-0.215;-0.081;0.007;-0.264
-0.22;-0.127;0.051;-0.198
-0.137;-0.11;-0.027;-0.173
-0.076;-0.076;-0.142;-0.044
-0.066;-0.049;-0.208;-0.146
-0.083;-0.103;-0.042;-0.132
-0.081;0.027;-0.098;-0.137
-0.061;-0.144;-0.11;-0.095
0.037;-0.154;-0.151;-0.02
0.066;-0.181;-0.132;-0.051
-0.137;-0.142;-0.176;-0.181
-0.173;-0.071;-0.107;-0.237
-0.034;-0.076;-0.107;-0.171
-0.076;-0.059;-0.173;0.01
-0.11;-0.151;-0.261;-0.034
0.01;-0.005;-0.164;-0.154
-0.071;-0.146;-0.063;-0.093
-0.198;-0.117;-0.125;0.005
-0.215;-0.107;-0.264;-0.02
-0.225;-0.171;-0.217;-0.168
-0.061;-0.083;-0.127;-0.181
-0.11;-0.054;-0.107;-0.217
-0.137;-0.229;-0.088;-0.117
-0.208;-0.068;-0.115;-0.12
-0.354;-0.085;-0.081;-0.103
-0.212;-0.2;-0.09;-0.09
-0.049;-0.242;-0.039;-0.098
-0.146;-0.137;-0.017;-0.134
-0.144;0.032;-0.073;-0.11
-0.017;-0.154;-0.095;-0.164
-0.02;-0.127;-0.095;-0.166
-0.173;-0.168;-0.076;-0.142
-0.134;-0.178;-0.134;-0.032
0.017;-0.164;-0.251;-0.078
0.078;-0.117;-0.139;-0.1
-0.046;-0.095;-0.066;-0.078
-0.042;-0.278;-0.066;-0.127
-0.056;-0.232;-0.122;-0.076
-0.09;-0.164;-0.049;0.032
-0.049;-0.281;-0.076;-0.115
0.046;-0.139;-0.037;-0.19
-0.066;0.051;-0.044;-0.137
-0.315;0.034;-0.071;-0.21
-0.334;-0.093;-0.203;-0.149
-0.178;-0.237;-0.105;-0.1
-0.017;-0.129;-0.054;-0.217
0.034;-0.081;-0.066;-0.144
0.027;0.051;-0.056;-0.081
-0.183;-0.01;-0.073;0.012
-0.137;-0.09;-0.195;-0.115
0.029;-0.278;-0.125;-0.149
0.037;-0.125;-0.061;-0.134
-0.1;-0.127;-0.051;-0.051
-0.151;-0.291;-0.142;-0.095
-0.127;-0.249;-0.122;-0.117
-0.215;-0.083;-0.085;-0.078
-0.208;-0.01;-0.095;-0.107
0.049;-0.032;-0.171;-0.112
-0.02;-0.068;-0.256;-0.076
0.09;0.027;-0.259;-0.098
0.007;0.073;-0.164;-0.156
-0.127;0.264;-0.085;-0.046
-0.327;0.154;-0.066;-0.083
-0.439;0.071;-0.154;-0.103
-0.217;-0.183;-0.078;-0.073
-0.042;0.029;0.042;-0.107
-0.173;-0.088;-0.039;-0.095
-0.088;0.078;0.002;-0.034
0.042;-0.22;-0.068;-0.159
0.056;-0.239;-0.098;-0.171
-0.02;-0.291;-0.178;-0.149
-0.103;-0.088;-0.164;-0.051
-0.19;-0.305;-0.178;-0.007
0.11;-0.266;-0.173;-0.188
0.312;-0.107;-0.139;-0.164
0.027;-0.098;-0.159;-0.2
-0.286;-0.051;-0.042;-0.093
-0.266;-0.09;-0.161;-0.208
-0.264;-0.193;-0.12;-0.142
-0.156;-0.212;-0.044;-0.002
-0.132;-0.1;-0.068;-0.09
-0.198;-0.083;-0.115;0.068
-0.254;0.034;-0.159;-0.105
-0.286;0.154;-0.076;-0.037
-0.374;-0.076;-0.012;-0.068
-0.286;-0.259;-0.078;0.0
-0.178;-0.283;-0.154;-0.176
-0.083;-0.132;-0.137;-0.068
-0.208;0.044;-0.132;-0.264
-0.22;0.063;-0.073;-0.208
-0.059;-0.002;-0.083;-0.183
0.068;-0.107;-0.081;-0.027
0.029;-0.188;-0.103;0.01
-0.139;-0.242;-0.083;-0.015
-0.088;-0.176;-0.12;-0.061
-0.002;-0.049;-0.027;-0.09
-0.134;-0.056;-0.083;-0.139
-0.122;0.002;-0.222;-0.095
-0.012;0.015;-0.308;-0.005
0.056;0.012;-0.259;-0.107
-0.012;-0.115;-0.134;-0.2
-0.154;0.051;-0.12;-0.125
-0.342;0.051;-0.044;-0.134
-0.298;-0.166;-0.085;-0.251
0.012;-0.217;-0.042;-0.183
-0.071;-0.083;-0.083;-0.054
-0.166;-0.049;-0.112;-0.1
0.01;0.012;-0.103;-0.046
0.12;-0.222;-0.164;-0.269
0.071;-0.088;0.01;-0.269
-0.081;-0.037;0.098;-0.195
-0.164;-0.105;-0.049;-0.144
-0.061;-0.281;-0.266;-0.115
0.105;-0.137;-0.173;-0.132
0.217;-0.178;0.01;-0.186
-0.073;-0.229;0.005;-0.188
-0.251;-0.229;-0.115;-0.034
-0.129;-0.134;-0.266;-0.173
-0.039;-0.288;-0.225;-0.09
-0.059;-0.229;-0.076;-0.112
-0.259;-0.061;0.039;-0.134
-0.21;-0.039;-0.039;-0.227
-0.168;0.071;-0.122;-0.034
-0.349;0.051;-0.154;-0.146
-0.332;0.029;0.0;-0.054
-0.259;-0.168;0.015;-0.1
-0.105;0.022;0.017;-0.081
-0.195;-0.229;-0.156;-0.129
-0.002;-0.293;-0.081;-0.039
0.027;-0.259;-0.112;-0.056
-0.12;-0.037;0.01;-0.142
-0.254;-0.034;-0.063;-0.125
-0.115;-0.039;-0.09;-0.134
-0.039;-0.208;-0.081;-0.176
-0.005;-0.154;-0.117;-0.088
-0.098;-0.068;-0.229;-0.051
-0.161;-0.105;-0.283;-0.007
-0.242;-0.134;-0.09;-0.024
-0.176;0.046;-0.054;-0.071
-0.251;0.007;-0.037;-0.017
-0.173;-0.232;-0.127;-0.029
-0.19;-0.139;-0.1;-0.134
-0.293;-0.234;-0.151;-0.1
-0.176;-0.146;-0.115;-0.151
-0.032;-0.154;-0.068;-0.178
-0.078;-0.012;-0.051;-0.146
-0.037;-0.022;-0.076;-0.222
-0.12;-0.107;-0.098;-0.164
-0.076;-0.227;-0.093;-0.095
-0.132;-0.215;-0.002;0.005
-0.293;-0.024;-0.071;-0.007
-0.166;-0.203;-0.164;0.015
0.042;-0.159;-0.166;-0.125
0.032;-0.115;-0.125;-0.149
-0.056;-0.186;-0.09;-0.161
-0.085;-0.2;-0.203;-0.11
0.066;-0.059;-0.364;-0.054
-0.081;-0.046;-0.21;-0.132
-0.112;-0.024;-0.103;-0.093
-0.249;0.063;-0.037;-0.203
-0.276;-0.042;-0.042;-0.051
-0.21;-0.103;-0.107;0.093
-0.142;-0.054;-0.105;-0.078
-0.208;0.076;-0.076;-0.166
-0.303;-0.029;-0.002;-0.056
-0.205;-0.186;0.051;-0.066
-0.059;-0.168;-0.061;-0.081
0.02;-0.215;-0.176;-0.007
-0.066;-0.007;-0.117;-0.005
-0.093;-0.017;-0.024;-0.051
-0.054;-0.063;-0.039;-0.076
-0.037;-0.293;-0.195;-0.134
-0.105;-0.195;-0.234;-0.146
-0.134;-0.117;-0.269;-0.073
-0.093;-0.278;-0.171;-0.093
-0.12;-0.051;-0.195;-0.176
-0.132;0.061;-0.071;-0.081
-0.186;0.068;-0.071;-0.208
-0.129;-0.02;-0.059;-0.068
-0.173;-0.059;-0.215;-0.034
-0.203;-0.068;-0.171;-0.01
-0.356;-0.19;-0.173;-0.215
-0.339;0.068;-0.11;-0.059
-0.288;-0.195;-0.1;-0.173
-0.325;-0.066;-0.049;-0.227
-0.3;-0.11;-0.142;-0.305
-0.317;-0.081;-0.061;-0.208
-0.12;-0.205;0.0;-0.044
-0.002;-0.229;0.01;-0.093
0.007;-0.112;-0.044;-0.176
-0.012;-0.312;-0.076;-0.146
-0.056;-0.352;-0.117;-0.085
-0.115;-0.293;-0.125;-0.115
-0.159;-0.046;-0.144;-0.076
-0.032;-0.176;-0.09;-0.137
0.024;-0.305;-0.181;-0.115
-0.029;-0.142;-0.12;-0.042
-0.151;-0.251;-0.176;-0.049
-0.081;-0.032;-0.164;-0.071
-0.276;-0.039;-0.122;-0.127
-0.31;0.01;-0.012;-0.276
-0.156;0.034;-0.034;-0.232
-0.195;-0.015;-0.125;-0.061
-0.105;-0.159;-0.071;-0.21
-0.144;-0.095;-0.068;-0.293
-0.244;0.005;-0.063;-0.073
-0.261;-0.269;-0.061;-0.071
-0.2;-0.21;-0.034;-0.063
-0.11;-0.078;-0.134;-0.247
-0.105;0.017;-0.11;-0.132
-0.144;-0.156;-0.151;-0.159
-0.032;-0.232;-0.054;-0.01
0.037;-0.312;-0.11;-0.127
-0.054;-0.186;0.012;-0.09
-0.239;-0.129;0.015;-0.151
-0.242;-0.046;-0.11;-0.015
-0.015;0.051;-0.2;0.071
-0.237;-0.012;-0.146;0.0
-0.2;-0.139;-0.112;-0.049
0.017;0.071;-0.117;-0.007
-0.103;0.059;-0.159;-0.103
-0.295;0.039;-0.149;-0.181
-0.1;0.181;-0.4;-0.117
-0.117;-0.037;-0.22;-0.037
-0.161;-0.139;-0.115;-0.283
-0.061;-0.317;0.044;-0.129
-0.12;-0.222;-0.081;-0.181
-0.386;-0.117;-0.081;-0.081
-0.396;-0.178;-0.215;-0.173
-0.012;-0.22;-0.234;-0.095
0.054;-0.256;-0.2;-0.151
-0.09;-0.159;-0.039;-0.068
-0.022;0.017;-0.056;-0.247
0.068;-0.002;-0.193;-0.134
0.042;-0.195;-0.239;-0.149
0.012;-0.071;-0.186;-0.244
0.0;-0.195;0.068;-0.198
-0.093;-0.02;-0.068;-0.259
-0.2;-0.259;-0.098;-0.151
-0.1;-0.144;-0.203;-0.171
-0.12;-0.115;-0.115;-0.107
-0.095;-0.098;-0.215;-0.066
-0.317;-0.093;-0.088;0.002
-0.215;-0.09;-0.029;-0.305
-0.171;-0.073;-0.095;-0.176
-0.122;-0.164;-0.132;-0.063
-0.229;-0.225;-0.081;-0.151
-0.154;-0.066;-0.115;-0.295
0.022;-0.017;0.01;-0.171
-0.061;-0.283;-0.02;-0.273
-0.164;-0.186;-0.098;-0.122
-0.247;-0.103;-0.278;-0.129
-0.066;-0.151;-0.027;-0.205
0.0;-0.085;-0.103;-0.159
0.098;-0.217;0.032;0.005
-0.002;-0.112;-0.276;-0.154
-0.156;0.049;-0.002;0.237
-0.271;0.0;-0.1;-0.146
-0.171;-0.007;-0.081;0.071
-0.146;-0.112;-0.222;0.01
0.012;-0.044;-0.046;-0.105
-0.144;-0.159;-0.103;-0.122
-0.247;-0.095;-0.205;0.068
-0.347;-0.002;0.002;0.039
-0.259;0.051;-0.017;-0.117
-0.32;-0.142;-0.107;0.027
-0.132;0.02;-0.12;-0.105
-0.159;0.0;-0.037;-0.166
-0.09;-0.186;-0.051;-0.166
0.012;-0.178;-0.125;-0.01
0.073;-0.166;-0.078;-0.066
-0.002;-0.176;-0.161;-0.186
0.181;-0.125;-0.051;-0.142
-0.11;-0.037;-0.171;-0.273
-0.159;-0.159;-0.007;-0.166
-0.005;-0.112;-0.349;-0.398
0.005;-0.303;-0.042;-0.054
-0.061;-0.024;-0.144;-0.43
-0.225;-0.217;-0.325;-0.142
-0.061;0.183;-0.137;0.054
-0.012;-0.142;-0.022;-0.442
-0.034;0.02;-0.112;-0.205
-0.269;-0.22;-0.149;0.244
-0.481;-0.017;-0.098;0.01
-0.486;-0.103;-0.198;-0.259
-0.242;-0.251;-0.085;-0.173
0.088;-0.303;-0.044;-0.381
-0.029;-0.083;0.234;-0.063
-0.247;-0.078;-0.288;-0.193
-0.256;0.029;-0.093;0.068
-0.02;-0.154;-0.173;-0.183
0.105;-0.017;0.156;-0.063
-0.071;-0.271;-0.076;-0.044
-0.376;-0.061;-0.12;0.012
-0.144;-0.146;-0.181;-0.063
-0.01;-0.156;-0.239;-0.156
-0.015;-0.09;-0.061;-0.046
-0.137;-0.139;-0.002;-0.217
0.012;-0.146;-0.12;-0.212
0.032;-0.181;-0.188;-0.161
-0.156;0.027;-0.046;-0.039
-0.042;0.103;-0.239;-0.222
-0.037;-0.117;-0.088;0.137
-0.127;-0.059;-0.186;-0.181
-0.132;-0.029;-0.066;-0.159
-0.181;0.222;-0.19;-0.188
-0.129;-0.12;-0.254;-0.261
0.149;-0.063;-0.205;-0.085
0.142;-0.105;-0.095;-0.166
-0.176;-0.117;-0.11;-0.32
-0.273;-0.259;-0.085;-0.242
-0.056;-0.212;-0.159;-0.237
-0.037;-0.205;-0.168;-0.242
-0.225;0.085;-0.183;-0.168
-0.154;0.208;-0.098;-0.129
-0.117;-0.083;-0.117;-0.151
-0.151;-0.364;-0.176;-0.134
0.146;-0.227;-0.095;-0.215
0.137;-0.303;-0.181;-0.073
-0.154;-0.159;-0.156;-0.029
-0.173;0.142;-0.107;-0.024
-0.222;-0.146;-0.093;-0.212
-0.334;-0.081;-0.068;-0.134
-0.378;-0.146;-0.159;-0.081
-0.144;-0.11;-0.115;0.056
-0.024;-0.288;-0.137;-0.034
-0.1;-0.198;-0.022;-0.151
-0.361;-0.088;-0.029;-0.176
-0.305;0.107;-0.027;-0.01
-0.049;-0.049;-0.159;-0.21
-0.007;-0.105;-0.125;-0.151
-0.159;-0.125;-0.034;-0.046
-0.237;-0.103;0.032;-0.11
-0.059;-0.298;-0.093;-0.132
0.066;-0.31;-0.198;-0.01
0.002;-0.017;-0.19;-0.142
-0.142;0.154;-0.171;-0.117
-0.059;0.044;-0.186;-0.1
0.066;-0.154;-0.146;-0.127
0.22;-0.193;-0.151;-0.049
0.054;-0.083;-0.227;-0.051
-0.151;-0.054;-0.127;-0.098
-0.205;-0.217;-0.129;-0.11
-0.156;-0.234;-0.09;-0.098
-0.19;-0.164;-0.149;-0.039
-0.327;0.076;-0.083;-0.093
-0.286;0.076;-0.139;-0.132
-0.056;-0.166;-0.122;-0.103
-0.024;-0.071;-0.02;-0.085
-0.142;0.029;-0.095;-0.176
-0.208;-0.024;-0.144;-0.139
-0.034;-0.1;-0.161;-0.093
-0.056;-0.232;-0.061;-0.19
-0.105;-0.098;-0.071;-0.244
-0.061;-0.078;-0.049;-0.083
-0.017;-0.081;-0.1;-0.073
-0.159;-0.254;-0.11;-0.037
-0.09;-0.156;-0.129;-0.122
-0.164;-0.161;-0.051;-0.059
-0.166;-0.176;-0.029;-0.044
-0.166;-0.012;-0.093;-0.142
-0.317;-0.115;-0.098;-0.059
-0.186;-0.1;-0.095;-0.107
-0.173;-0.115;-0.098;-0.168
-0.051;-0.117;-0.12;-0.137
-0.222;-0.049;-0.037;-0.046
-0.217;-0.029;-0.085;-0.154
-0.205;-0.144;-0.056;-0.022
-0.251;-0.007;-0.061;-0.076
-0.132;-0.002;-0.12;-0.039
-0.029;-0.127;-0.134;-0.183
-0.029;-0.354;-0.078;-0.125
-0.159;-0.007;-0.103;-0.132
-0.146;-0.173;-0.12;-0.134
-0.12;-0.198;-0.149;-0.198
-0.151;-0.217;-0.154;-0.19
-0.117;-0.132;-0.149;-0.151
-0.005;-0.085;-0.107;-0.034
-0.049;0.046;-0.203;0.015
-0.081;0.066;-0.195;-0.029
0.0;-0.215;-0.227;-0.078
-0.134;-0.122;-0.144;-0.12
-0.347;-0.195;-0.159;-0.117
-0.349;0.002;-0.063;-0.11
-0.249;-0.232;-0.129;-0.051
-0.227;-0.139;-0.151;-0.063
-0.178;-0.11;-0.117;-0.098
-0.181;0.002;-0.098;-0.105
-0.137;-0.237;-0.081;-0.107
-0.044;-0.173;-0.115;-0.046
-0.12;-0.044;-0.081;-0.073
-0.051;-0.037;-0.071;-0.066
-0.154;-0.098;-0.071;-0.117
-0.059;-0.195;-0.142;-0.156
-0.12;-0.215;-0.078;-0.068
0.095;-0.242;-0.049;-0.056
0.071;-0.21;-0.071;-0.337
0.037;-0.159;-0.044;-0.225
-0.122;0.161;-0.168;-0.029
-0.037;0.137;-0.149;-0.09
0.117;-0.1;-0.168;-0.215
0.042;0.088;-0.012;-0.142
-0.393;-0.095;0.002;-0.173
-0.369;-0.039;-0.095;-0.054
-0.276;-0.049;-0.249;0.039
-0.088;-0.117;-0.09;-0.154
-0.051;-0.068;0.007;-0.308
-0.11;-0.049;0.076;-0.203
-0.259;0.024;-0.12;-0.1
-0.2;-0.015;-0.227;-0.007
-0.002;-0.166;-0.154;-0.137
0.115;-0.222;0.012;-0.161
-0.312;-0.22;0.042;-0.144
-0.454;-0.007;-0.166;0.037
-0.234;-0.217;-0.337;0.037
0.142;-0.327;-0.232;-0.049
0.002;-0.261;-0.054;-0.215
-0.051;-0.156;0.002;-0.176
-0.137;-0.225;-0.188;-0.129
-0.164;-0.129;-0.273;-0.137
-0.232;-0.112;-0.159;-0.105
-0.063;-0.139;0.029;-0.071
-0.239;-0.024;-0.02;-0.081
-0.137;0.068;-0.178;-0.039
-0.291;-0.037;-0.303;-0.007
-0.31;-0.227;-0.188;0.073
-0.144;-0.051;-0.054;-0.09
-0.103;-0.093;-0.005;-0.112
-0.125;-0.042;-0.01;-0.076
-0.183;-0.085;-0.125;-0.076
-0.144;-0.2;-0.127;-0.186
-0.129;-0.093;-0.105;-0.151
-0.039;-0.239;-0.127;-0.19
-0.012;-0.115;-0.144;-0.176
-0.022;-0.164;-0.105;-0.171
-0.007;-0.083;-0.156;-0.154
0.083;-0.356;-0.137;-0.117
-0.039;-0.066;-0.173;-0.115
-0.11;-0.176;-0.154;-0.068
-0.173;0.11;-0.068;-0.078
0.076;-0.276;-0.061;-0.256
0.046;-0.085;-0.117;-0.251
-0.259;-0.032;-0.176;-0.002
-0.366;0.002;-0.244;-0.1
-0.193;-0.22;-0.171;-0.103
-0.037;-0.039;-0.024;-0.137
-0.166;-0.039;0.054;-0.254
-0.271;0.02;-0.039;-0.103
-0.273;-0.093;-0.188;-0.022
-0.144;-0.027;-0.195;-0.078
-0.161;-0.281;-0.061;-0.142
0.02;-0.186;0.051;-0.127
0.032;-0.337;-0.103;-0.183
-0.198;-0.029;-0.242;-0.076
-0.051;-0.161;-0.159;-0.093
-0.01;-0.105;-0.081;-0.237
-0.105;-0.144;0.01;-0.088
-0.09;-0.01;-0.093;-0.002
-0.02;-0.129;-0.188;-0.042
-0.078;-0.188;-0.215;0.042
-0.237;-0.112;-0.149;-0.122
-0.22;-0.154;-0.056;-0.19
-0.107;-0.232;-0.073;-0.11
-0.227;-0.112;-0.183;-0.073
-0.203;0.073;-0.19;-0.037
-0.205;0.164;-0.125;-0.117
-0.173;-0.107;-0.042;-0.176
-0.195;-0.171;-0.012;-0.117
-0.212;-0.066;-0.088;-0.122
-0.156;-0.059;-0.098;-0.178
-0.129;-0.176;-0.054;-0.127
-0.112;-0.205;-0.068;-0.059
-0.046;-0.222;-0.034;-0.056
0.005;-0.242;-0.078;-0.122
-0.183;-0.186;-0.076;-0.237
-0.31;0.002;-0.071;-0.269
-0.178;-0.259;-0.056;-0.059
0.281;-0.049;-0.161;-0.103
0.012;-0.339;-0.205;-0.208
-0.11;0.063;-0.205;-0.168
-0.222;0.022;-0.117;0.09
-0.078;0.278;-0.024;0.068
0.137;-0.085;-0.212;-0.09
0.139;-0.093;-0.171;-0.142
-0.078;-0.195;-0.071;-0.173
-0.435;0.134;-0.129;-0.088
-0.427;-0.125;-0.261;-0.042
0.154;-0.093;-0.154;-0.09
-0.029;-0.159;-0.01;-0.293
-0.156;0.137;-0.034;-0.144
-0.415;0.129;-0.12;0.007
-0.125;-0.027;-0.146;-0.088
0.076;-0.364;-0.127;-0.161
0.205;-0.21;-0.044;-0.171
-0.232;-0.139;-0.063;-0.037
-0.43;-0.066;-0.239;-0.039
-0.083;-0.403;-0.256;-0.061
-0.024;-0.217;-0.107;-0.227
-0.029;-0.103;-0.012;-0.22
-0.09;0.232;-0.142;-0.159
-0.066;-0.125;-0.291;0.0
-0.012;-0.151;-0.247;-0.09
-0.173;-0.088;-0.181;-0.222
-0.234;-0.01;-0.015;-0.164
-0.127;-0.125;-0.088;-0.11
-0.012;-0.203;-0.215;-0.11
-0.217;-0.068;-0.208;-0.085
-0.415;0.046;-0.127;-0.095
-0.293;0.071;-0.029;-0.117
-0.081;0.071;-0.017;-0.112
-0.095;-0.334;-0.046;-0.156
-0.183;-0.125;-0.103;-0.21
-0.181;-0.09;-0.117;-0.125
-0.054;0.071;-0.054;-0.078
0.046;-0.303;-0.002;-0.122
0.107;-0.125;-0.129;-0.259
-0.002;-0.068;-0.061;-0.149
-0.283;0.024;-0.154;-0.137
-0.115;-0.222;-0.205;-0.059
0.139;-0.195;-0.139;-0.142
-0.024;-0.41;-0.039;-0.205
-0.198;0.007;-0.085;-0.205
-0.081;-0.198;-0.21;0.042
-0.078;0.139;-0.203;-0.007
-0.071;-0.161;-0.188;-0.203
0.007;-0.007;-0.078;-0.21
-0.195;-0.093;-0.027;-0.251
-0.261;-0.122;-0.161;-0.088
-0.173;-0.078;-0.251;0.046
-0.066;-0.117;-0.161;-0.01
-0.215;-0.303;-0.078;-0.21
-0.166;-0.085;-0.029;-0.11
-0.051;-0.085;-0.12;-0.085
-0.061;-0.315;-0.183;-0.071
-0.039;-0.352;-0.244;-0.093
-0.137;-0.11;-0.042;-0.159
-0.146;0.002;-0.007;-0.181
-0.256;0.09;-0.066;-0.09
-0.205;-0.127;-0.168;-0.063
-0.034;-0.02;-0.137;-0.051
0.012;-0.127;-0.093;0.044
-0.12;-0.139;-0.039;0.012
-0.12;-0.093;-0.103;0.007
-0.115;-0.19;-0.117;-0.078
-0.173;-0.144;-0.11;-0.11
-0.378;-0.2;-0.027;-0.081
-0.354;-0.139;-0.054;-0.11
-0.115;-0.134;-0.073;-0.129
-0.159;-0.029;-0.042;-0.188
-0.381;-0.032;-0.017;-0.134
-0.325;-0.066;-0.088;-0.195
-0.068;-0.09;-0.132;-0.024
-0.095;-0.085;-0.103;-0.034
-0.105;-0.229;-0.078;-0.081
-0.002;-0.112;-0.037;-0.127
-0.032;-0.222;-0.024;-0.225
-0.054;-0.193;-0.125;-0.203
0.093;-0.112;-0.107;-0.225
0.022;-0.051;-0.183;-0.195
-0.039;-0.12;-0.132;-0.251
-0.115;-0.093;-0.061;-0.168
-0.002;-0.222;-0.105;-0.164
0.027;-0.088;-0.21;-0.088
-0.21;-0.195;-0.188;-0.022
-0.193;-0.012;-0.176;-0.046
-0.076;-0.037;-0.093;-0.054
-0.098;-0.2;-0.156;-0.09
-0.359;-0.125;-0.156;-0.12
-0.215;0.242;-0.176;-0.161
-0.139;-0.054;-0.117;-0.085
-0.137;-0.081;-0.122;-0.2
-0.076;-0.081;-0.142;-0.325
-0.173;0.063;-0.139;-0.195
-0.186;-0.081;-0.137;-0.068
-0.31;-0.01;-0.161;-0.098
-0.007;-0.264;-0.161;-0.12
0.129;-0.332;-0.137;-0.049
-0.017;-0.205;-0.098;-0.144
-0.188;-0.007;-0.159;-0.032
-0.215;-0.129;-0.273;-0.095
-0.007;-0.103;-0.232;-0.178
0.103;-0.049;-0.049;-0.205
-0.017;-0.093;0.005;-0.154
-0.166;-0.112;-0.149;-0.103
-0.166;-0.002;-0.215;-0.015
-0.093;0.105;-0.09;-0.144
-0.229;-0.017;0.01;-0.137
-0.173;0.007;-0.054;-0.144
-0.112;-0.125;-0.095;-0.173
-0.168;-0.161;-0.176;-0.098
-0.181;-0.229;-0.063;-0.054
-0.144;-0.159;-0.107;-0.164
-0.098;-0.186;-0.042;-0.171
-0.142;-0.178;-0.042;-0.22
-0.139;-0.188;-0.09;-0.317
-0.044;-0.183;-0.115;-0.161
-0.046;-0.225;-0.12;-0.164
-0.017;-0.198;-0.09;-0.117
0.012;-0.251;-0.103;-0.134
-0.01;-0.229;-0.107;-0.115
-0.01;-0.122;-0.112;-0.144
-0.105;-0.244;-0.117;-0.1
-0.19;0.032;-0.173;-0.051
-0.171;-0.032;-0.171;-0.007
-0.029;-0.059;-0.127;-0.061
-0.156;0.042;-0.068;-0.186
-0.32;0.02;-0.088;-0.103
-0.31;-0.049;-0.151;-0.066
-0.183;-0.249;-0.107;-0.139
-0.073;-0.161;-0.076;-0.093
-0.203;-0.164;-0.005;-0.051
-0.288;-0.015;-0.071;-0.071
-0.181;-0.1;-0.112;-0.022
-0.225;-0.132;-0.068;-0.112
-0.122;-0.117;-0.093;-0.09
0.056;-0.149;-0.127;-0.098
0.068;-0.212;-0.054;-0.166
-0.071;-0.154;-0.083;-0.154
-0.205;-0.107;-0.129;-0.051
-0.107;-0.229;-0.127;-0.046
0.034;-0.315;-0.12;-0.115
0.01;-0.056;-0.168;-0.215
0.034;-0.024;-0.168;-0.212
-0.005;0.034;-0.078;-0.154
-0.076;0.017;-0.054;-0.117
-0.151;-0.3;-0.12;-0.029
-0.081;0.012;-0.146;-0.139
-0.291;-0.161;-0.125;-0.061
-0.251;0.164;-0.073;0.022
0.049;-0.127;0.007;-0.237
0.02;-0.186;-0.078;-0.334
-0.237;-0.266;-0.081;0.012
-0.608;-0.156;-0.256;-0.01
-0.273;-0.176;-0.232;-0.093
-0.024;-0.276;0.01;-0.046
-0.132;-0.259;0.022;-0.356
-0.083;-0.132;-0.017;-0.217
-0.234;-0.154;-0.227;-0.002
-0.144;-0.127;-0.283;-0.063
-0.132;-0.095;-0.193;-0.222
0.125;-0.322;0.017;-0.237
-0.142;-0.22;-0.039;-0.198
-0.483;-0.161;-0.347;-0.1
-0.142;-0.085;-0.31;-0.042
0.056;-0.154;-0.266;-0.115
-0.127;-0.178;-0.105;-0.068
-0.349;0.095;-0.027;-0.066
-0.105;-0.171;-0.095;-0.117
-0.125;-0.288;-0.186;-0.161
-0.413;-0.212;-0.098;-0.142
-0.254;0.061;-0.037;-0.159
0.146;-0.198;-0.017;-0.117
0.071;-0.12;-0.073;-0.139
-0.281;0.066;-0.125;-0.198
-0.393;0.103;-0.154;-0.183
-0.132;-0.156;-0.083;-0.117
0.164;-0.168;-0.078;-0.166
0.002;-0.088;-0.1;-0.117
-0.002;-0.183;-0.161;-0.095
-0.002;-0.029;-0.117;-0.034
-0.081;-0.247;-0.12;-0.061
-0.037;-0.1;-0.127;-0.183
0.127;-0.127;-0.073;-0.076
-0.044;0.105;-0.095;-0.042
-0.332;-0.249;-0.132;-0.081
-0.33;0.186;-0.22;-0.022
-0.071;-0.327;-0.178;0.1
-0.017;0.195;-0.168;-0.012
-0.217;-0.173;-0.059;-0.21
-0.22;0.115;-0.095;-0.142
-0.247;-0.173;0.012;0.1
-0.337;-0.066;-0.227;-0.049
-0.09;-0.139;-0.12;-0.046
0.059;-0.215;-0.042;-0.078
-0.115;-0.352;0.022;-0.391
-0.405;-0.071;0.032;-0.183
-0.41;-0.054;-0.166;0.088
-0.005;-0.144;-0.33;-0.071
0.002;-0.271;-0.193;-0.229
0.203;-0.061;0.085;-0.159
-0.142;-0.366;-0.007;-0.303
-0.239;-0.056;-0.203;-0.071
-0.049;-0.173;-0.417;-0.049
0.061;-0.127;-0.205;-0.312
0.012;-0.178;-0.02;-0.161
-0.171;0.095;-0.002;-0.154
-0.203;-0.042;-0.127;-0.11
-0.222;-0.166;-0.273;-0.027
-0.261;-0.054;-0.12;-0.054
-0.325;-0.02;-0.076;-0.149
-0.288;-0.051;0.037;-0.044
-0.073;-0.132;-0.129;-0.166
-0.098;-0.183;-0.088;-0.149
-0.115;-0.151;-0.198;0.037
-0.039;0.012;-0.078;-0.076
-0.029;-0.178;-0.056;-0.103
-0.193;-0.083;-0.098;-0.12
-0.208;-0.146;-0.115;-0.195
-0.208;-0.203;-0.076;-0.095
0.024;-0.291;-0.171;-0.071
0.037;-0.215;-0.161;-0.068
-0.022;-0.146;-0.134;-0.12
-0.205;0.0;-0.098;-0.127
-0.276;-0.005;-0.159;-0.125
-0.154;-0.022;-0.161;-0.032
-0.066;-0.015;-0.193;-0.037
-0.186;-0.044;-0.151;-0.127
-0.186;-0.083;-0.098;-0.034
-0.342;-0.068;-0.054;-0.085
-0.361;-0.017;-0.083;-0.093
-0.239;-0.059;-0.193;-0.115
-0.181;-0.056;-0.144;-0.051
-0.12;-0.281;-0.144;-0.2
-0.012;-0.085;-0.032;-0.076
-0.122;-0.291;-0.103;-0.085
-0.166;-0.168;-0.078;-0.103
0.073;-0.203;-0.161;-0.205
0.066;-0.237;-0.066;-0.1
0.01;-0.237;-0.09;-0.156
0.039;-0.156;-0.042;-0.144
0.051;-0.371;-0.129;-0.217
-0.02;-0.178;-0.098;-0.212
-0.217;-0.078;-0.107;-0.183
-0.171;-0.151;-0.071;-0.112
0.032;-0.178;-0.181;-0.156
-0.061;-0.051;-0.159;-0.139
-0.11;0.029;-0.115;-0.12
-0.071;-0.2;-0.1;-0.134
-0.22;-0.054;-0.156;-0.039
-0.342;-0.029;-0.129;-0.083
-0.303;-0.22;-0.042;-0.107
-0.122;-0.156;-0.063;-0.19
-0.229;-0.176;-0.059;-0.146
-0.283;-0.034;-0.122;-0.117
-0.049;-0.442;-0.151;-0.059
-0.027;-0.242;-0.073;-0.063
-0.137;-0.137;-0.107;0.02
-0.127;-0.098;-0.146;-0.134
0.034;-0.166;-0.142;-0.063
0.117;-0.046;-0.2;-0.09
-0.068;0.085;-0.173;-0.095
-0.061;0.056;-0.156;-0.054
-0.154;-0.056;-0.151;-0.083
-0.205;-0.137;-0.176;-0.159
-0.083;-0.188;-0.161;-0.078
0.068;-0.049;-0.151;-0.159
-0.039;-0.046;-0.151;-0.076
-0.156;-0.215;-0.171;-0.083
-0.168;-0.166;-0.115;-0.12
-0.249;-0.007;-0.107;-0.142
-0.334;0.078;-0.051;-0.144
-0.132;-0.217;-0.142;-0.186
-0.027;-0.222;-0.173;-0.178
-0.161;-0.076;-0.125;-0.139
-0.237;-0.212;-0.11;-0.188
-0.134;-0.208;-0.063;-0.178
-0.071;-0.273;-0.1;-0.122
0.037;-0.156;-0.115;-0.21
0.139;-0.115;-0.161;-0.046
0.029;0.088;-0.178;-0.056
-0.09;0.068;-0.098;-0.183
-0.139;-0.059;-0.122;-0.134
-0.046;-0.107;-0.166;-0.151
0.005;-0.01;-0.125;-0.081
-0.049;-0.024;-0.181;-0.081
-0.168;-0.142;-0.088;-0.129
-0.217;-0.193;-0.105;-0.195
-0.227;-0.039;-0.132;-0.107
-0.2;0.046;-0.083;-0.085
-0.071;-0.046;-0.127;-0.02
-0.261;-0.247;-0.173;-0.027
-0.232;-0.12;-0.056;-0.112
-0.217;-0.063;0.051;-0.12
-0.107;-0.142;-0.051;-0.059
-0.029;-0.161;-0.107;-0.029
0.0;-0.117;-0.112;-0.139
-0.032;-0.083;-0.083;-0.176
-0.11;-0.137;-0.073;-0.142
0.01;-0.083;-0.085;-0.117
-0.032;-0.186;-0.156;-0.095
-0.066;-0.225;-0.122;-0.085
0.037;-0.149;-0.144;-0.11
0.032;-0.093;-0.168;-0.061
-0.071;-0.073;-0.168;-0.149
-0.142;-0.12;-0.146;-0.098
-0.227;-0.039;-0.166;-0.154
-0.234;-0.1;-0.156;-0.044
-0.325;-0.154;-0.144;-0.061
-0.215;-0.3;-0.098;-0.085
0.02;-0.215;-0.098;-0.154
-0.02;-0.237;-0.071;-0.105
-0.112;-0.181;-0.11;-0.12
-0.349;-0.4;-0.093;-0.205
-0.386;0.093;-0.098;-0.134
-0.178;-0.166;-0.098;-0.056
0.068;0.1;-0.061;-0.117
0.144;-0.352;-0.11;-0.283
-0.049;-0.259;-0.129;-0.173
-0.203;-0.247;-0.049;0.078
-0.295;-0.056;-0.217;-0.19
-0.222;-0.139;-0.154;-0.237
0.085;-0.186;-0.044;-0.156
-0.015;-0.19;-0.002;-0.244
-0.225;-0.21;-0.137;-0.093
-0.386;-0.063;-0.239;0.005
-0.334;-0.244;-0.176;-0.151
-0.151;-0.2;-0.078;-0.237
-0.115;-0.078;0.017;-0.115
-0.125;-0.186;-0.156;-0.173
-0.181;-0.168;-0.144;-0.115
-0.188;-0.132;-0.134;0.039
-0.227;-0.203;-0.066;-0.225
-0.132;0.007;-0.002;-0.134
-0.063;-0.12;-0.081;-0.11
-0.068;-0.015;-0.115;-0.115
-0.198;-0.225;-0.088;-0.061
-0.12;-0.005;-0.11;-0.066
-0.1;-0.059;-0.132;-0.173
0.059;0.081;-0.061;-0.103
0.032;-0.173;-0.159;-0.151
-0.051;-0.046;-0.171;-0.149
-0.005;-0.161;-0.227;-0.071
0.068;-0.063;-0.171;-0.029
-0.051;-0.164;-0.166;-0.063
-0.322;0.01;-0.151;0.027
-0.347;-0.034;-0.266;-0.12
-0.244;0.071;-0.134;-0.002
-0.281;-0.127;-0.134;-0.222
-0.234;-0.117;-0.056;-0.117
0.01;-0.31;-0.156;-0.156
-0.073;-0.217;-0.103;-0.039
-0.244;-0.176;-0.166;-0.073
-0.173;0.01;-0.059;-0.007
-0.176;-0.127;-0.134;-0.066
-0.239;-0.21;-0.083;-0.129
-0.068;-0.115;-0.056;-0.103
-0.071;-0.303;-0.044;-0.159
-0.002;-0.3;-0.095;-0.125
0.056;-0.144;-0.115;-0.217
-0.066;-0.083;-0.107;-0.037
-0.051;-0.134;-0.12;-0.154
-0.164;-0.071;-0.112;-0.203
-0.205;-0.249;-0.103;-0.244
-0.195;-0.259;-0.093;-0.271
-0.273;-0.178;-0.093;-0.127
0.024;-0.09;-0.144;-0.107
-0.024;-0.125;-0.117;-0.09
-0.142;-0.059;-0.149;-0.188
-0.085;-0.105;-0.09;-0.151
0.007;-0.081;-0.107;-0.168
-0.161;-0.073;-0.159;-0.112
-0.168;-0.149;-0.195;-0.151
-0.056;-0.164;-0.039;-0.195
-0.01;-0.095;0.007;-0.071
-0.261;-0.117;0.002;-0.137
-0.264;-0.085;-0.044;-0.076
-0.208;-0.127;-0.117;0.002
-0.105;-0.21;-0.12;-0.039
-0.085;-0.3;-0.112;-0.115
-0.051;-0.151;-0.144;-0.056
-0.146;-0.159;-0.1;-0.024
-0.2;-0.244;-0.117;-0.068
-0.066;-0.151;-0.151;-0.115
-0.056;-0.01;-0.076;-0.068
-0.112;-0.007;-0.103;-0.042
-0.254;0.044;-0.171;-0.049
-0.3;-0.205;-0.117;-0.015
-0.225;-0.142;-0.168;-0.078
-0.076;-0.19;-0.156;-0.049
-0.159;0.073;-0.093;-0.105
-0.129;-0.024;-0.027;-0.061
-0.151;0.012;-0.054;-0.034
-0.103;-0.01;-0.117;-0.061
-0.083;-0.188;-0.117;-0.078
-0.005;-0.278;-0.044;-0.156
-0.146;-0.098;-0.071;-0.125
-0.127;-0.195;-0.085;-0.132
-0.171;-0.051;-0.156;-0.117
-0.059;-0.093;-0.188;-0.125
-0.012;0.034;-0.085;-0.1
-0.027;-0.156;-0.076;-0.2
-0.024;-0.181;-0.12;-0.149
0.042;0.0;-0.183;-0.208
-0.054;-0.059;-0.164;0.032
-0.066;-0.105;-0.149;-0.007
-0.073;-0.061;-0.1;-0.073
-0.161;0.0;-0.049;-0.168
-0.283;-0.088;-0.066;-0.081
-0.288;-0.107;-0.117;-0.09
-0.232;0.039;-0.144;-0.12
-0.068;-0.093;-0.166;-0.1
-0.049;-0.188;-0.132;-0.144
-0.159;-0.151;-0.103;-0.156
-0.288;0.034;-0.088;-0.112
-0.161;-0.095;-0.132;-0.061
-0.078;-0.024;-0.098;-0.044
-0.193;-0.115;-0.095;-0.139
-0.146;-0.161;-0.059;-0.083
0.059;-0.081;-0.059;-0.183
-0.073;-0.122;-0.076;-0.054
-0.156;0.017;-0.146;-0.088
-0.137;-0.166;-0.139;-0.115
-0.251;-0.156;-0.095;-0.193
-0.137;-0.293;-0.015;-0.139
-0.054;-0.11;-0.076;-0.186
-0.098;0.017;-0.129;-0.1
-0.059;-0.19;-0.166;0.042
-0.061;-0.273;-0.112;-0.059
-0.137;-0.237;-0.066;-0.085
-0.193;-0.054;-0.151;-0.166
-0.212;-0.093;-0.098;-0.159
-0.215;-0.122;-0.125;-0.093
-0.154;-0.103;-0.095;-0.12
-0.078;-0.071;-0.051;-0.122
-0.112;-0.212;-0.051;-0.044
-0.051;-0.237;-0.002;-0.061
-0.085;-0.076;-0.049;-0.149
-0.149;-0.112;-0.11;-0.222
-0.166;-0.164;-0.139;-0.107
-0.132;-0.2;-0.11;-0.076
-0.083;-0.156;-0.002;-0.039
-0.103;-0.181;-0.085;-0.112
-0.105;-0.198;-0.19;-0.134
-0.059;-0.051;-0.212;-0.107
-0.059;-0.042;-0.149;-0.066
-0.129;-0.173;-0.144;-0.12
-0.137;-0.032;-0.142;-0.063
-0.105;-0.005;-0.034;-0.127
-0.11;-0.205;-0.012;-0.164
-0.205;-0.188;-0.156;-0.164
-0.178;-0.232;-0.266;-0.093
-0.232;-0.168;-0.178;-0.144
-0.337;-0.271;-0.007;-0.127
-0.339;-0.168;-0.073;-0.225
-0.19;-0.227;-0.046;-0.139
-0.183;-0.19;-0.166;-0.144
-0.176;-0.151;-0.132;-0.144
-0.159;-0.156;-0.095;-0.154
-0.173;-0.156;-0.107;-0.166
-0.095;-0.227;-0.081;-0.215
-0.122;-0.229;-0.083;-0.137
-0.239;-0.134;-0.19;-0.01
-0.122;-0.071;-0.178;-0.076
-0.046;-0.181;-0.107;-0.107
0.042;-0.144;-0.081;-0.229
-0.068;-0.029;-0.071;-0.173
-0.11;-0.012;-0.161;-0.076
-0.134;-0.078;-0.103;-0.093
-0.203;-0.134;-0.066;-0.068
-0.259;-0.234;-0.085;-0.132
-0.081;-0.071;-0.112;0.037
-0.151;-0.1;-0.168;-0.027
-0.134;-0.029;-0.061;-0.042
-0.227;-0.051;-0.085;-0.122
-0.222;-0.137;-0.149;-0.093
-0.127;-0.095;-0.093;-0.137
-0.217;-0.09;-0.073;-0.122
-0.2;-0.081;-0.125;-0.19
-0.017;-0.076;-0.095;-0.217
-0.015;-0.164;-0.059;-0.166
0.046;-0.215;-0.132;-0.183
-0.002;-0.244;-0.205;-0.173
-0.093;-0.125;-0.127;-0.142
-0.066;-0.125;-0.061;-0.229
-0.178;-0.21;-0.112;-0.193
-0.098;-0.215;-0.208;-0.139
-0.176;-0.11;-0.176;-0.117
0.017;-0.312;-0.132;-0.083
0.002;-0.088;-0.071;-0.081
-0.068;-0.125;-0.044;-0.09
-0.066;-0.09;-0.154;-0.103
-0.105;-0.21;-0.117;-0.115
-0.232;0.027;-0.134;-0.076
-0.349;-0.066;-0.085;-0.093
-0.11;-0.115;-0.071;-0.098
0.027;-0.022;-0.059;-0.1
-0.105;0.005;-0.085;-0.073
-0.31;-0.085;-0.076;-0.068
-0.19;-0.122;-0.115;-0.044
0.024;-0.095;-0.103;-0.09
-0.259;-0.1;-0.063;-0.024
-0.208;0.088;-0.154;-0.103
-0.093;-0.115;-0.059;-0.161
-0.212;-0.122;-0.122;-0.12
-0.239;-0.186;-0.063;-0.002
0.066;-0.173;-0.151;-0.034
0.068;-0.208;-0.144;-0.068
-0.01;-0.171;-0.098;-0.076
-0.068;-0.09;-0.088;-0.024
-0.066;-0.098;-0.105;-0.061
-0.11;-0.037;-0.117;-0.029
-0.154;-0.12;-0.076;-0.244
-0.164;-0.073;-0.007;-0.2
-0.083;-0.127;-0.01;-0.173
-0.11;-0.017;-0.105;0.029
-0.173;0.02;-0.178;-0.144
-0.083;-0.068;-0.078;-0.171
0.076;-0.054;-0.051;-0.269
0.0;-0.176;-0.005;-0.134
-0.125;-0.054;-0.02;-0.132
-0.044;-0.066;-0.225;-0.142
-0.017;0.024;-0.183;-0.195
-0.051;-0.088;-0.085;0.01
0.029;-0.09;-0.083;-0.156
-0.139;-0.166;0.012;-0.068
-0.02;-0.229;-0.195;-0.098
0.01;-0.242;-0.198;-0.254
-0.024;-0.078;-0.122;-0.156
-0.081;-0.061;-0.105;0.186
-0.088;-0.173;-0.322;-0.254
-0.007;-0.232;-0.105;0.09
-0.081;-0.02;-0.212;-0.298
-0.188;0.024;-0.034;0.151
-0.203;0.154;-0.308;-0.2
-0.168;-0.168;0.149;-0.12
-0.142;-0.107;-0.144;-0.403
-0.066;0.015;0.083;0.071
0.012;-0.225;-0.239;-0.181
0.034;-0.144;0.037;-0.337
-0.11;0.068;-0.044;-0.071
-0.359;-0.015;0.0;0.017
-0.264;-0.117;-0.374;-0.154
-0.112;-0.264;-0.054;-0.103
-0.098;-0.288;-0.188;-0.09
-0.225;-0.188;-0.012;-0.278
-0.154;-0.146;0.024;0.227
-0.117;-0.107;-0.312;-0.073
-0.068;0.168;-0.215;0.017
-0.034;-0.203;-0.251;-0.205
-0.049;-0.234;0.017;-0.19
-0.308;-0.198;-0.088;-0.203
-0.273;-0.071;0.056;0.488
-0.103;-0.317;-0.483;-0.015
0.039;-0.049;-0.139;0.229
-0.251;-0.166;-0.12;-0.439
-0.098;-0.005;0.386;-0.251
-0.051;0.042;-0.242;-0.054
-0.164;-0.032;-0.234;0.046
-0.103;-0.173;-0.227;-0.225
0.093;-0.066;0.159;0.066
-0.129;-0.161;-0.046;-0.2
-0.293;-0.088;0.044;-0.149
-0.132;-0.168;-0.098;-0.139
0.044;0.054;-0.21;-0.059
-0.076;0.0;-0.278;0.007
-0.066;-0.186;-0.11;0.066
0.105;-0.259;-0.115;-0.178
-0.046;-0.186;-0.098;-0.093
-0.198;-0.059;-0.029;-0.088
0.005;0.027;-0.195;-0.369
0.015;-0.159;-0.222;-0.005
-0.195;-0.132;-0.076;0.42
-0.188;-0.161;-0.229;-0.01
-0.022;-0.093;-0.159;0.122
-0.017;-0.327;-0.339;-0.039
-0.166;-0.176;-0.002;-0.256
-0.286;-0.071;-0.166;-0.105
-0.076;-0.161;-0.137;-0.039
-0.117;-0.161;-0.078;-0.076
-0.154;-0.002;-0.002;-0.159
-0.203;-0.017;0.051;-0.083
-0.161;-0.168;-0.112;-0.295
-0.178;-0.193;-0.042;-0.017
-0.127;-0.156;-0.232;-0.015
0.059;-0.198;-0.139;-0.034
-0.056;-0.171;-0.146;-0.137
-0.134;0.0;-0.083;-0.156
-0.071;-0.051;-0.11;0.076
0.071;-0.151;-0.168;0.088
0.176;-0.308;-0.129;-0.098
-0.042;0.083;-0.024;-0.261
-0.037;-0.078;-0.002;-0.291
0.034;-0.178;-0.125;-0.298
0.029;-0.012;-0.112;-0.161
-0.225;0.088;-0.002;-0.205
-0.178;-0.132;-0.093;-0.159
-0.171;-0.095;-0.063;-0.22
-0.217;-0.085;-0.017;-0.037
-0.176;-0.232;-0.1;-0.046
-0.151;-0.22;-0.02;-0.015
-0.181;0.002;-0.022;0.027
-0.244;0.061;-0.037;-0.105
-0.09;-0.125;-0.142;-0.112
0.017;-0.176;-0.215;-0.112
-0.056;-0.056;-0.156;-0.156
-0.237;0.046;-0.083;-0.229
-0.1;-0.188;-0.044;-0.334
-0.115;-0.09;0.015;-0.154
-0.195;-0.076;-0.11;-0.142
-0.142;-0.093;-0.112;-0.032
-0.107;-0.261;-0.198;-0.166
-0.002;-0.278;-0.1;-0.132
-0.015;-0.261;-0.208;-0.2
-0.063;-0.171;-0.103;-0.205
-0.112;0.017;-0.061;0.0
-0.256;0.054;-0.137;-0.073
-0.31;-0.017;-0.237;-0.151
-0.156;-0.012;-0.188;-0.061
-0.039;-0.181;-0.166;0.0
-0.049;-0.032;-0.127;-0.305
-0.161;-0.093;-0.078;-0.195
-0.024;-0.137;-0.195;-0.11
-0.012;-0.151;-0.166;-0.078
0.002;-0.103;-0.068;-0.071
-0.015;-0.127;-0.017;-0.088
-0.005;-0.225;-0.039;-0.198
-0.12;-0.098;-0.032;-0.09
-0.137;-0.122;-0.149;-0.068
-0.11;-0.115;-0.168;0.002
-0.017;-0.139;-0.139;-0.076
-0.071;-0.039;-0.037;-0.215
-0.117;-0.044;0.039;-0.232
0.02;-0.117;0.034;-0.188
-0.007;-0.173;-0.09;-0.159
0.02;-0.095;-0.093;-0.034
-0.161;-0.029;-0.117;-0.093
-0.269;-0.037;-0.068;-0.078
-0.295;0.071;-0.11;-0.12
-0.222;-0.137;-0.144;0.039
-0.076;-0.127;-0.227;0.022
-0.093;-0.044;-0.159;0.049
-0.144;-0.063;-0.129;-0.032
-0.015;-0.132;-0.034;-0.203
-0.024;-0.122;0.0;-0.078
-0.149;-0.203;-0.156;-0.056
0.005;-0.117;-0.239;-0.181
0.11;-0.166;-0.11;-0.146
0.022;-0.078;-0.164;-0.266
-0.112;-0.225;-0.171;-0.193
-0.259;-0.083;-0.21;-0.144
-0.139;-0.212;-0.122;-0.149
0.007;-0.156;-0.164;-0.2
0.037;0.051;-0.071;-0.12
0.037;-0.002;-0.088;-0.12
-0.164;-0.117;-0.059;-0.039
-0.232;-0.19;-0.012;-0.103
-0.183;0.029;0.005;-0.107
-0.186;-0.076;-0.125;-0.22
-0.168;-0.188;-0.159;-0.208
-0.061;-0.198;-0.19;-0.237
-0.134;-0.071;-0.083;-0.137
-0.127;-0.12;-0.146;-0.017
-0.09;-0.1;-0.161;-0.002
-0.056;0.002;-0.166;-0.042
-0.151;-0.002;-0.127;-0.098
-0.09;-0.144;-0.085;-0.029
-0.098;-0.085;-0.093;-0.027
-0.098;-0.249;-0.117;-0.098
-0.02;-0.186;-0.156;-0.176
-0.081;-0.125;-0.095;-0.181
-0.132;-0.056;-0.078;-0.186
-0.112;-0.081;-0.12;-0.156
-0.137;-0.02;-0.154;-0.098
-0.127;-0.044;-0.2;-0.059
-0.271;0.002;-0.137;-0.015
-0.217;0.02;-0.027;-0.054
-0.19;-0.112;0.049;0.032
-0.027;0.007;-0.166;0.012
-0.259;-0.2;-0.156;-0.068
-0.237;-0.098;-0.059;-0.129
-0.164;-0.037;0.017;-0.271
0.015;-0.173;-0.037;-0.31
0.051;-0.193;-0.044;-0.208
0.024;-0.161;-0.024;-0.134
-0.134;-0.139;-0.107;-0.137
-0.066;-0.156;-0.12;-0.181
0.049;-0.217;-0.071;-0.188
0.046;-0.071;-0.149;-0.027
-0.027;-0.127;-0.181;-0.122
-0.1;-0.066;-0.205;0.095
-0.083;-0.11;-0.203;0.076
-0.059;-0.203;-0.081;-0.029
-0.005;-0.19;-0.056;-0.112
-0.12;-0.237;-0.215;-0.066
-0.222;-0.093;-0.193;-0.222
-0.205;0.071;-0.178;-0.142
-0.217;-0.042;-0.061;-0.142
-0.237;-0.105;-0.022;-0.085
-0.203;-0.11;-0.134;-0.059
-0.11;-0.1;-0.115;-0.032
-0.044;-0.117;-0.125;-0.073
-0.164;-0.098;0.02;-0.122
-0.203;-0.051;-0.027;-0.081
-0.112;0.022;-0.066;-0.015
-0.073;-0.044;-0.127;-0.059
-0.149;-0.127;-0.083;0.007
-0.049;-0.061;-0.093;-0.103
-0.063;-0.059;-0.017;-0.12
0.002;0.054;-0.125;-0.303
-0.186;-0.146;-0.088;-0.132
-0.178;-0.044;-0.068;-0.122
-0.2;-0.002;-0.095;-0.056
-0.269;0.002;-0.244;-0.154
-0.076;-0.134;-0.232;-0.015
-0.134;-0.024;-0.107;-0.066
-0.159;-0.171;-0.081;0.029
-0.176;-0.173;-0.115;0.081
-0.129;-0.195;-0.12;-0.076
-0.168;-0.115;-0.09;-0.039
-0.188;-0.117;-0.042;-0.088
-0.154;-0.173;-0.024;-0.188
-0.122;-0.237;-0.022;-0.3
-0.083;-0.22;-0.125;-0.256
-0.127;-0.205;-0.122;-0.088
-0.103;-0.173;-0.117;0.044
-0.103;-0.156;-0.149;-0.056
-0.078;-0.046;-0.168;-0.178
-0.186;-0.159;-0.073;-0.022
-0.093;-0.225;-0.1;-0.071
-0.037;-0.203;-0.159;-0.056
-0.195;-0.129;-0.132;-0.107
-0.129;0.056;-0.083;-0.261
-0.027;-0.076;-0.059;-0.242
-0.066;-0.19;-0.198;-0.132
-0.144;-0.232;-0.146;-0.051
-0.19;-0.081;-0.208;-0.044
-0.315;-0.037;-0.19;-0.054
-0.247;-0.154;-0.227;-0.002
-0.027;-0.198;-0.149;0.046
-0.088;-0.259;-0.12;-0.12
-0.229;-0.176;-0.132;-0.166
-0.317;-0.125;-0.037;-0.183
-0.115;-0.361;-0.059;-0.225
-0.093;-0.247;-0.083;-0.176
-0.115;-0.281;-0.081;-0.171
-0.291;-0.168;-0.029;-0.103
-0.105;-0.259;-0.166;-0.083
0.049;-0.149;-0.107;-0.076
-0.115;-0.242;-0.105;-0.212
-0.105;-0.095;-0.093;0.012
-0.059;-0.269;-0.183;0.061
-0.112;-0.188;-0.11;0.051
-0.193;-0.127;-0.098;-0.142
-0.198;-0.112;-0.044;-0.078
-0.081;-0.105;-0.139;-0.215
-0.1;-0.139;-0.168;-0.144
-0.215;-0.044;-0.137;-0.122
-0.237;-0.017;-0.068;-0.183
-0.322;0.029;0.005;-0.142
-0.264;-0.095;-0.117;-0.144
-0.063;-0.264;-0.249;-0.081
-0.007;-0.283;-0.198;0.01
-0.137;-0.105;-0.186;-0.017
-0.356;-0.132;-0.088;-0.081
-0.334;-0.2;-0.139;-0.066
-0.186;-0.247;-0.137;-0.061
-0.149;-0.081;-0.173;-0.1
0.012;-0.049;-0.046;-0.188
0.007;-0.046;-0.112;-0.117
0.085;-0.134;-0.146;-0.183
-0.049;-0.205;-0.054;-0.186
-0.1;-0.024;-0.068;-0.193
-0.081;-0.083;-0.037;-0.161
-0.112;-0.125;-0.159;-0.159
-0.139;-0.022;-0.146;-0.107
-0.103;-0.076;-0.161;-0.134
-0.039;-0.139;-0.115;-0.098
-0.044;-0.146;-0.176;-0.088
-0.093;-0.051;-0.061;-0.039
-0.217;-0.046;-0.117;-0.112
-0.144;-0.012;-0.056;-0.205
-0.024;-0.01;0.01;-0.203
-0.012;0.054;-0.083;-0.161
-0.115;-0.039;-0.093;-0.164
-0.173;0.054;-0.154;-0.107
-0.02;-0.222;-0.068;-0.139
-0.015;-0.208;-0.132;-0.095
-0.1;0.01;-0.254;-0.015
-0.054;-0.051;-0.234;-0.078
0.059;-0.122;-0.237;-0.076
0.051;-0.19;-0.144;-0.105
0.044;-0.103;-0.046;-0.061
-0.161;-0.115;0.012;-0.071
-0.208;-0.093;-0.115;-0.1
-0.107;0.134;-0.117;-0.02
-0.251;0.071;-0.188;-0.105
-0.244;-0.022;-0.073;-0.256
-0.186;-0.103;-0.081;-0.273
-0.029;-0.059;-0.142;-0.093
-0.144;-0.156;-0.2;-0.02
-0.09;-0.037;-0.107;0.034
-0.244;-0.002;-0.081;0.012
-0.259;0.046;-0.103;-0.137
-0.098;-0.227;0.032;-0.066
0.007;-0.139;-0.046;-0.183
-0.056;-0.061;-0.01;-0.222
-0.244;-0.09;-0.205;-0.217
-0.164;-0.176;-0.088;-0.166
0.063;-0.166;-0.112;-0.117
0.049;-0.144;-0.093;-0.151
-0.034;-0.071;-0.156;-0.168
-0.066;-0.076;-0.171;-0.049
0.0;-0.205;-0.215;0.051
-0.071;-0.229;-0.173;0.054
-0.168;-0.176;-0.073;-0.054
-0.173;-0.007;-0.088;-0.205
-0.139;-0.066;-0.083;-0.173
-0.144;-0.056;-0.166;-0.31
-0.188;-0.112;-0.093;-0.273
-0.259;-0.1;-0.046;-0.181
-0.293;-0.022;-0.01;-0.073
-0.115;-0.19;-0.103;-0.017
-0.039;-0.159;-0.19;-0.024
-0.125;-0.139;-0.137;-0.134
-0.332;-0.042;-0.154;-0.115
-0.178;-0.137;-0.098;-0.076
0.051;-0.264;-0.22;-0.132
0.027;-0.215;-0.073;-0.156
-0.122;-0.134;-0.081;-0.208
-0.105;-0.12;-0.103;-0.081
-0.054;-0.234;-0.134;-0.093
-0.044;-0.288;-0.066;-0.146
-0.122;-0.076;-0.049;-0.144
-0.256;-0.093;-0.117;-0.002
-0.186;-0.076;-0.164;-0.09
-0.127;-0.173;-0.154;-0.063
-0.144;-0.044;-0.142;-0.044
-0.259;-0.032;-0.166;0.029
-0.288;-0.071;-0.171;-0.066
-0.242;-0.127;-0.078;-0.154
-0.178;-0.095;0.002;-0.278
-0.098;0.02;-0.022;-0.117
-0.125;-0.01;-0.168;-0.093
-0.127;-0.188;-0.139;-0.159
-0.068;-0.208;-0.139;-0.183
-0.134;-0.073;-0.059;-0.271
-0.232;-0.273;-0.073;-0.144
-0.237;-0.198;-0.105;-0.159
-0.2;-0.352;-0.134;-0.02
-0.1;-0.19;-0.122;-0.115
-0.107;-0.227;-0.054;-0.166
-0.193;-0.076;-0.093;-0.154
-0.212;-0.139;-0.105;-0.146
0.061;-0.168;-0.146;-0.032
0.071;-0.186;-0.171;-0.059
-0.046;-0.083;-0.144;-0.1
-0.173;-0.129;0.015;-0.156
-0.129;-0.249;-0.051;-0.088
-0.154;-0.19;-0.171;-0.078
-0.183;-0.049;-0.168;-0.054
-0.273;-0.178;-0.037;-0.122
-0.193;-0.159;-0.081;-0.225
-0.166;-0.024;-0.161;-0.127
-0.149;-0.012;-0.132;-0.19
-0.1;-0.127;-0.024;-0.117
-0.044;-0.225;-0.007;-0.137
-0.176;-0.183;-0.139;-0.164
-0.293;-0.137;-0.071;-0.161
-0.146;-0.31;-0.076;-0.032
0.007;-0.227;-0.088;-0.132
0.073;-0.112;-0.149;-0.117
0.012;-0.156;-0.132;-0.178
-0.076;-0.083;-0.139;-0.056
-0.22;0.063;-0.227;-0.054
-0.2;0.029;-0.159;-0.032
-0.078;-0.144;-0.161;-0.032
-0.029;-0.049;-0.149;-0.076
-0.112;0.073;-0.166;-0.142
-0.144;-0.066;-0.078;-0.181
-0.12;-0.01;-0.085;-0.088
-0.247;-0.027;-0.068;-0.09
-0.225;-0.078;-0.063;-0.193
-0.093;0.012;-0.159;-0.229
-0.186;-0.105;-0.112;-0.164
-0.137;0.049;-0.112;0.032
-0.125;-0.066;-0.129;-0.105
-0.032;-0.042;-0.107;-0.164
-0.059;-0.171;-0.01;-0.166
-0.054;-0.093;0.024;0.01
-0.129;-0.112;-0.068;0.093
-0.125;-0.044;-0.083;-0.122
-0.161;-0.127;-0.076;-0.173
0.068;-0.261;-0.054;-0.193
-0.002;-0.095;-0.107;-0.142
-0.164;-0.266;-0.237;-0.11
-0.227;-0.142;-0.271;-0.129
-0.371;-0.093;-0.173;-0.112
-0.264;-0.083;-0.178;-0.149
-0.105;0.059;-0.159;-0.125
-0.037;-0.046;-0.237;-0.112
-0.115;-0.215;-0.159;-0.195
-0.1;-0.242;-0.061;-0.107
-0.188;-0.054;-0.051;-0.212
-0.159;-0.112;-0.088;-0.19
-0.164;-0.017;-0.137;-0.007
-0.171;-0.107;-0.117;-0.066
-0.093;-0.208;-0.132;-0.085
-0.129;-0.251;-0.059;-0.112
-0.144;-0.029;-0.005;-0.081
-0.303;-0.049;-0.046;-0.132
-0.156;-0.027;-0.161;-0.193
0.09;-0.188;-0.164;-0.212
0.083;-0.254;-0.076;-0.129
-0.005;-0.208;-0.115;-0.049
-0.154;0.063;-0.242;-0.007
-0.164;0.017;-0.146;-0.105
-0.215;0.071;0.012;-0.168
-0.154;-0.049;-0.122;-0.054
-0.171;-0.227;-0.164;0.024
-0.088;-0.303;-0.166;-0.037
-0.12;-0.251;-0.085;-0.129
-0.293;-0.122;-0.054;-0.142
-0.278;-0.061;-0.056;-0.061
-0.217;-0.002;-0.107;-0.061
-0.046;-0.112;-0.134;-0.063
-0.078;-0.146;-0.068;-0.161
-0.178;-0.127;0.037;-0.286
-0.156;-0.149;-0.063;-0.149
-0.142;-0.156;-0.198;-0.056
-0.176;-0.227;-0.171;-0.09
-0.178;-0.129;-0.149;-0.164
-0.078;-0.042;-0.007;-0.142
-0.168;-0.217;-0.054;-0.081
0.063;-0.149;-0.166;-0.005
0.02;-0.054;-0.198;-0.173
-0.149;-0.259;-0.142;-0.137
-0.117;-0.088;-0.002;-0.105
-0.22;-0.125;-0.132;-0.159
-0.159;0.02;-0.22;-0.171
-0.066;-0.181;-0.247;-0.146
-0.107;-0.173;-0.208;-0.093
-0.254;-0.137;-0.12;-0.098
-0.31;0.076;-0.115;0.002
-0.242;-0.178;-0.107;-0.073
-0.127;-0.222;-0.071;-0.173
-0.107;-0.125;-0.054;-0.139
-0.117;-0.112;-0.146;-0.193
-0.005;-0.198;-0.132;0.027
-0.081;-0.112;-0.247;0.024
-0.115;-0.054;-0.149;-0.2
-0.051;-0.188;-0.093;-0.056
0.0;-0.21;-0.09;-0.056
-0.122;-0.254;-0.1;-0.034
-0.166;-0.117;-0.212;-0.078
-0.093;-0.203;-0.149;-0.068
-0.125;-0.154;-0.051;-0.151
-0.413;-0.078;0.015;-0.142
-0.366;-0.11;-0.117;-0.166
-0.093;-0.139;-0.183;-0.059
-0.056;-0.149;-0.151;-0.034
-0.134;-0.037;-0.071;-0.054
-0.071;0.112;-0.059;-0.081
-0.386;-0.051;-0.134;-0.149
-0.432;-0.195;-0.107;-0.098
-0.166;-0.239;-0.1;-0.107
-0.132;-0.02;-0.022;-0.032
-0.137;-0.122;-0.034;-0.146
0.01;-0.288;-0.034;-0.098
0.007;-0.212;-0.215;-0.168
-0.239;-0.076;-0.151;-0.09
-0.142;-0.073;-0.125;-0.083
0.081;-0.146;-0.181;-0.068
0.09;-0.137;-0.137;-0.173
-0.115;-0.034;-0.186;-0.02
-0.134;-0.093;-0.2;-0.134
-0.203;0.012;-0.186;-0.032
-0.188;-0.261;-0.139;-0.186
-0.164;-0.195;-0.076;-0.183
-0.139;-0.159;-0.142;-0.063
-0.254;0.046;-0.12;-0.012
-0.344;0.049;-0.125;-0.115
-0.073;-0.103;-0.066;-0.09
-0.159;0.085;-0.166;-0.171
-0.288;-0.1;-0.115;-0.22
-0.068;0.078;-0.11;-0.142
0.046;-0.129;-0.2;-0.017
-0.249;0.005;-0.254;-0.139
-0.315;-0.063;-0.161;-0.11
-0.056;-0.095;-0.1;-0.083
0.107;-0.295;-0.095;-0.186
0.049;-0.195;-0.027;-0.168
-0.271;0.027;-0.159;-0.095
-0.244;0.076;-0.129;-0.159
-0.088;-0.205;-0.117;0.005
0.134;-0.186;-0.068;-0.027
0.166;-0.059;-0.073;-0.105
0.01;0.044;-0.081;-0.063
-0.159;-0.049;-0.193;0.056
-0.188;0.002;-0.251;-0.09
-0.11;-0.168;-0.173;-0.039
-0.193;-0.146;-0.134;-0.142
-0.183;-0.317;0.02;-0.137
-0.2;-0.173;-0.059;-0.186
-0.159;-0.132;-0.134;-0.115
-0.142;-0.032;-0.215;-0.173
-0.173;0.007;-0.049;-0.132
-0.103;-0.125;0.01;-0.144
-0.042;-0.269;-0.071;-0.239
-0.02;-0.334;-0.22;-0.256
-0.156;-0.205;-0.229;-0.093
-0.122;-0.156;-0.132;-0.071
0.007;-0.063;-0.164;-0.251
-0.024;-0.122;-0.093;-0.278
-0.132;-0.33;-0.073;-0.193
-0.007;-0.173;-0.144;-0.239
0.076;-0.073;-0.259;-0.056
-0.112;-0.181;-0.164;-0.088
-0.134;-0.181;-0.037;-0.173
-0.166;-0.215;-0.063;-0.171
-0.308;0.066;-0.176;0.098
-0.198;-0.107;-0.259;-0.059
0.059;-0.093;-0.146;-0.198
0.022;-0.261;-0.029;-0.161
-0.312;0.115;-0.073;-0.122
-0.474;0.029;-0.132;-0.122
-0.405;-0.208;-0.193;-0.022
-0.061;-0.166;-0.09;-0.09
-0.027;-0.095;0.066;-0.198
-0.107;-0.176;0.066;-0.151
-0.093;-0.017;-0.1;-0.063
-0.093;-0.085;-0.103;-0.149
-0.068;-0.283;-0.132;-0.117
-0.049;-0.144;-0.034;-0.037
-0.132;-0.081;-0.151;-0.037
-0.125;0.159;-0.171;-0.034
-0.083;0.042;-0.222;0.029
0.054;0.051;-0.156;-0.105
-0.112;-0.122;-0.066;-0.02
-0.176;0.061;-0.139;-0.049
-0.188;-0.156;-0.146;-0.107
-0.139;-0.186;-0.154;-0.183
-0.059;-0.33;-0.063;-0.107
-0.105;0.007;-0.071;-0.068
-0.159;-0.056;-0.105;-0.049
0.005;-0.078;-0.208;-0.103
-0.071;-0.21;-0.056;-0.034
-0.273;-0.032;-0.051;-0.088
-0.249;-0.007;-0.125;-0.208
0.0;-0.176;-0.203;-0.122
0.195;-0.217;-0.049;-0.176
0.037;-0.33;-0.007;-0.254
-0.061;-0.103;-0.078;-0.247
-0.093;-0.11;-0.159;-0.176
0.017;-0.227;-0.188;0.007
-0.01;-0.334;-0.208;-0.071
0.042;-0.051;-0.117;-0.188
-0.166;-0.139;-0.039;-0.024
-0.181;-0.295;-0.217;-0.027
-0.032;-0.088;-0.33;0.054
0.071;0.02;-0.283;-0.127
-0.081;0.005;-0.054;-0.205
-0.193;-0.002;-0.039;-0.188
-0.276;0.051;-0.117;-0.046
-0.273;-0.2;-0.217;-0.071
-0.276;-0.037;-0.298;-0.205
-0.356;-0.203;-0.117;-0.149
-0.208;-0.127;-0.063;-0.078
-0.139;-0.066;-0.195;-0.149
-0.173;-0.173;-0.269;-0.273
-0.005;-0.188;-0.132;-0.132
-0.015;-0.203;0.017;-0.117
-0.085;-0.271;-0.051;-0.105
-0.12;-0.212;-0.183;-0.083
-0.076;-0.083;-0.132;-0.137
-0.063;-0.093;-0.007;-0.198
-0.034;-0.078;-0.051;-0.12
0.005;-0.178;-0.134;-0.059
-0.046;-0.225;-0.21;-0.056
-0.12;-0.156;-0.149;-0.137
0.012;-0.164;-0.007;-0.217
0.034;-0.1;-0.149;-0.149
-0.195;-0.083;-0.137;0.015
-0.178;-0.146;-0.195;-0.056
-0.173;-0.024;-0.078;-0.315
-0.19;-0.117;-0.059;-0.288
-0.32;0.088;0.005;-0.073
-0.227;-0.002;-0.039;-0.071
-0.063;-0.022;-0.229;-0.364
0.0;-0.251;-0.203;-0.237
-0.071;-0.071;-0.032;0.017
-0.315;-0.105;0.039;-0.171
-0.117;-0.198;-0.251;-0.183
0.134;-0.254;-0.239;0.012
0.1;-0.41;0.059;-0.164
0.0;-0.154;0.103;-0.283
-0.337;-0.034;-0.251;-0.107
-0.305;-0.203;-0.33;0.142
-0.059;-0.154;-0.312;-0.176
0.085;-0.168;-0.02;-0.203
-0.144;-0.188;-0.002;-0.283
-0.247;-0.005;-0.032;-0.151
-0.122;-0.071;-0.217;-0.188
-0.283;-0.11;-0.186;-0.039
-0.159;-0.203;-0.071;-0.054
-0.146;-0.005;-0.012;-0.161
-0.271;-0.005;-0.034;0.037
-0.205;0.117;-0.142;-0.027
-0.132;0.007;-0.164;-0.237
-0.229;-0.242;-0.056;-0.11
-0.171;-0.151;-0.09;-0.017
-0.173;0.0;-0.039;-0.132
-0.122;-0.159;-0.176;-0.183
-0.112;-0.239;-0.103;-0.01
-0.022;-0.044;-0.098;-0.127
0.002;-0.095;-0.012;-0.056
-0.129;-0.098;-0.137;-0.071
-0.081;-0.071;-0.22;-0.139
-0.049;-0.144;-0.125;-0.105
-0.034;-0.024;-0.098;-0.059
-0.005;-0.11;-0.132;-0.073
-0.063;-0.085;-0.278;-0.061
-0.093;-0.029;-0.151;-0.178
-0.181;-0.078;-0.083;-0.125
-0.198;-0.132;-0.002;-0.144
-0.154;-0.022;-0.103;-0.203
-0.21;0.073;-0.247;-0.105
-0.254;-0.051;-0.291;-0.193
-0.154;-0.186;-0.024;-0.19
-0.093;-0.088;0.066;-0.269
-0.254;-0.054;-0.039;-0.103
-0.137;-0.164;-0.005;-0.19
-0.046;-0.198;-0.085;-0.125
-0.166;-0.059;0.002;0.005
-0.149;0.066;0.049;-0.02
0.076;-0.11;0.056;-0.127
0.054;-0.234;-0.19;-0.071
-0.042;-0.071;-0.205;-0.007
-0.166;-0.044;-0.042;-0.195
-0.042;-0.125;-0.298;-0.295
-0.02;-0.193;-0.325;-0.1
-0.059;-0.203;-0.254;-0.229
-0.137;-0.144;-0.078;-0.186
-0.129;-0.205;-0.012;-0.125
-0.061;-0.046;-0.01;-0.022
-0.137;-0.034;-0.247;-0.083
-0.107;-0.066;-0.239;0.049
-0.159;0.088;-0.278;-0.232
-0.237;0.049;-0.034;0.0
-0.142;-0.054;-0.02;-0.088
-0.078;-0.176;-0.134;-0.005
-0.039;-0.168;-0.293;-0.132
-0.168;-0.12;-0.146;-0.295
-0.251;-0.146;-0.039;-0.159
-0.278;-0.144;0.083;-0.317
-0.088;-0.178;0.061;-0.254
-0.11;-0.134;-0.264;-0.063
-0.198;-0.098;-0.229;0.037
-0.081;-0.229;0.002;-0.19
-0.076;-0.251;-0.051;-0.134
0.034;-0.234;-0.132;-0.11
-0.227;-0.173;-0.261;-0.059
-0.256;-0.071;-0.159;-0.046
-0.117;-0.046;-0.11;-0.149
-0.146;-0.073;-0.156;-0.095
-0.134;-0.151;-0.083;0.11
-0.149;-0.022;0.137;-0.188
-0.146;-0.085;-0.176;-0.276
-0.288;-0.2;-0.232;-0.002
-0.276;-0.112;0.042;-0.215
-0.259;-0.071;-0.071;-0.247
-0.1;-0.002;-0.015;-0.017
-0.129;-0.129;-0.081;-0.122
-0.017;-0.139;0.144;0.122
-0.146;-0.076;-0.051;-0.122
-0.146;-0.222;-0.11;-0.029
0.042;-0.161;-0.085;-0.039
-0.039;-0.151;-0.063;-0.12
0.085;-0.027;-0.168;-0.2
0.017;-0.029;-0.154;0.046
-0.083;-0.095;-0.134;-0.127
0.022;-0.229;-0.171;-0.125
0.007;-0.295;-0.078;0.044
-0.09;-0.1;-0.11;-0.315
-0.146;0.007;-0.132;-0.117
-0.244;-0.037;-0.227;-0.112
-0.315;-0.154;-0.2;-0.161
-0.244;-0.103;-0.171;-0.117
-0.029;-0.215;-0.161;-0.142
0.005;-0.12;-0.073;-0.093
-0.176;-0.088;-0.1;-0.029
-0.151;-0.066;-0.166;-0.007
-0.068;-0.188;-0.085;-0.164
-0.164;-0.083;-0.027;-0.117
-0.237;-0.229;-0.056;-0.139
-0.093;-0.159;-0.066;0.085
0.149;-0.132;-0.149;-0.193
-0.051;-0.12;0.0;-0.156
-0.244;-0.178;-0.149;-0.317
-0.093;-0.247;-0.144;-0.085
0.061;-0.281;-0.127;-0.212
-0.137;-0.078;-0.071;-0.271
-0.227;0.022;-0.159;-0.212
-0.239;-0.122;-0.005;-0.278
-0.237;-0.098;-0.059;-0.278
-0.251;-0.215;-0.146;-0.142
-0.039;-0.125;-0.115;-0.139
-0.059;-0.176;-0.032;-0.198
-0.156;-0.137;0.051;-0.056
-0.229;-0.098;-0.034;-0.078
-0.125;0.032;-0.066;0.034
-0.149;-0.081;-0.134;-0.127
-0.132;-0.183;-0.061;-0.078
-0.142;-0.193;-0.071;-0.171
-0.044;-0.1;-0.01;-0.127
-0.066;-0.056;-0.037;-0.195
0.037;-0.144;-0.054;-0.09
0.012;-0.229;-0.12;-0.066
0.056;-0.171;-0.122;-0.107
-0.061;-0.161;-0.112;-0.027
-0.039;-0.063;-0.112;-0.12
0.178;-0.027;-0.173;-0.164
0.012;0.032;-0.134;-0.178
-0.093;0.029;-0.178;-0.056
-0.127;-0.034;-0.159;0.005
-0.159;-0.002;-0.198;-0.12
-0.115;-0.034;-0.125;-0.115
-0.061;0.029;-0.071;-0.054
-0.012;0.017;-0.073;-0.137
-0.132;0.022;-0.134;-0.098
-0.132;-0.146;-0.239;-0.01
-0.12;-0.183;-0.171;0.002
-0.044;0.093;-0.012;-0.085
-0.173;0.093;0.017;-0.178
-0.144;0.103;-0.142;-0.129
-0.049;-0.176;-0.181;-0.015
-0.049;-0.186;-0.205;-0.168
-0.037;-0.11;-0.11;-0.134
0.127;-0.217;-0.173;-0.115
0.159;-0.173;-0.103;-0.098
-0.066;0.088;-0.107;-0.081
-0.205;-0.01;-0.186;-0.073
-0.166;-0.09;-0.095;-0.049
-0.093;-0.208;-0.085;-0.132
-0.19;-0.2;-0.071;-0.107
-0.139;-0.02;-0.164;-0.061
-0.066;-0.144;-0.146;-0.12
-0.154;-0.032;-0.127;-0.168
-0.229;0.176;-0.11;-0.112
-0.161;-0.012;-0.139;-0.115
0.022;-0.146;-0.066;-0.022
-0.178;-0.205;-0.015;-0.12
-0.208;-0.173;-0.012;-0.146
-0.208;-0.256;-0.046;-0.085
-0.049;-0.266;-0.076;-0.027
-0.032;-0.137;-0.088;-0.085
0.034;-0.015;-0.095;-0.12
-0.02;0.022;-0.11;-0.193
0.01;-0.11;-0.061;-0.12
0.164;-0.217;-0.139;-0.071
0.09;-0.293;-0.144;-0.098
-0.027;-0.293;-0.134;-0.081
-0.142;-0.137;-0.054;-0.12
-0.083;-0.264;-0.127;-0.098
-0.146;-0.02;-0.093;-0.105
-0.173;0.046;-0.159;-0.134
-0.181;0.146;-0.098;-0.144
-0.19;-0.332;-0.105;-0.149
-0.146;-0.039;-0.115;-0.093
-0.142;-0.073;-0.144;-0.071
-0.037;-0.01;-0.125;-0.134
-0.22;0.024;-0.044;-0.1
-0.22;-0.056;-0.068;-0.076
-0.1;-0.173;-0.017;-0.093
0.0;-0.3;-0.095;-0.083
0.037;-0.298;-0.142;-0.081
-0.127;-0.212;-0.105;-0.139
-0.217;0.024;-0.088;-0.095
-0.115;-0.083;-0.149;-0.103
0.032;-0.159;-0.105;-0.149
0.061;0.042;-0.105;-0.117
-0.115;-0.012;-0.164;-0.098
-0.264;-0.188;-0.095;-0.063
-0.291;-0.007;-0.115;-0.134
-0.081;-0.115;-0.127;-0.027
-0.09;0.083;-0.156;-0.076
-0.059;0.029;-0.068;-0.283
-0.103;0.032;-0.068;-0.186
-0.112;-0.01;-0.088;0.012
-0.156;0.029;-0.122;-0.049
0.002;-0.222;-0.061;-0.032
0.037;-0.088;-0.081;-0.137
0.002;-0.105;-0.054;-0.288
-0.122;-0.325;0.005;-0.127
-0.107;-0.159;-0.156;-0.107
-0.283;-0.11;-0.12;-0.139
-0.144;-0.393;-0.125;-0.105
0.112;-0.327;-0.005;-0.242
0.066;-0.19;-0.005;-0.332
-0.061;-0.107;-0.11;-0.132
0.068;-0.237;-0.107;-0.083
-0.005;-0.037;-0.161;-0.103
-0.139;0.032;-0.181;-0.081
-0.249;0.032;-0.115;-0.129
-0.208;-0.195;-0.054;-0.117
-0.134;-0.222;-0.115;-0.12
-0.164;-0.09;-0.171;-0.21
-0.203;-0.017;-0.222;-0.12
-0.208;-0.083;-0.154;-0.061
-0.347;-0.032;0.007;-0.171
-0.349;0.01;-0.012;-0.083
-0.142;-0.154;-0.117;-0.093
0.01;-0.242;-0.11;0.007
-0.027;-0.01;-0.068;0.015
-0.081;-0.015;-0.054;-0.117
-0.222;-0.063;-0.012;-0.249
-0.056;-0.093;-0.056;-0.139
0.0;-0.112;-0.11;-0.11
0.046;-0.068;-0.183;-0.11
0.015;-0.139;-0.176;-0.044
-0.034;-0.1;-0.088;-0.256
-0.154;-0.139;-0.107;-0.173
-0.134;-0.085;-0.21;-0.156
-0.027;-0.181;-0.232;-0.088
0.02;-0.056;-0.171;-0.085
-0.144;0.054;-0.076;-0.137
-0.149;-0.046;-0.051;-0.256
-0.054;-0.032;-0.071;-0.012
-0.083;-0.002;-0.151;-0.029
-0.093;-0.125;-0.161;-0.095
-0.017;-0.291;-0.073;-0.083
-0.071;-0.212;-0.02;-0.22
-0.303;-0.073;-0.085;-0.178
-0.166;-0.024;-0.164;-0.088
-0.117;-0.09;-0.142;-0.166
-0.042;-0.117;-0.032;-0.188
-0.054;-0.134;-0.017;-0.107
-0.093;-0.186;-0.071;-0.137
0.01;0.034;-0.066;-0.125
-0.024;0.005;-0.09;-0.088
0.037;-0.227;-0.076;-0.103
-0.005;-0.073;-0.125;-0.068
-0.127;-0.205;-0.132;-0.088
-0.227;-0.081;-0.093;-0.034
-0.146;-0.161;-0.107;-0.122
-0.11;-0.037;-0.154;-0.154
-0.273;-0.007;-0.166;-0.095
-0.166;-0.146;-0.166;-0.051
-0.105;-0.183;-0.11;-0.195
-0.024;-0.212;-0.103;-0.151
-0.115;-0.024;-0.1;-0.098
-0.2;-0.066;-0.115;-0.112
-0.283;-0.134;-0.181;-0.098
-0.312;-0.242;-0.125;-0.129
-0.173;-0.149;-0.088;-0.161
-0.022;-0.195;0.007;-0.1
0.088;-0.222;-0.044;-0.132
0.022;-0.103;-0.112;-0.2
-0.144;-0.146;-0.132;-0.103
-0.039;-0.002;-0.098;-0.117
-0.029;-0.11;-0.1;-0.205
-0.144;-0.146;-0.095;-0.142
-0.056;-0.173;-0.156;-0.122
-0.044;-0.176;-0.183;-0.063
-0.044;-0.176;-0.203;-0.083
-0.215;-0.115;-0.132;-0.078
-0.217;-0.183;-0.098;-0.137
-0.1;-0.078;-0.139;-0.1
-0.142;-0.039;-0.171;-0.09
-0.186;-0.046;-0.239;-0.137
-0.215;-0.063;-0.134;-0.21
-0.259;-0.017;-0.122;-0.215
-0.359;-0.056;-0.115;-0.161
-0.195;-0.073;-0.081;-0.144
-0.154;-0.115;-0.132;-0.173
-0.078;-0.181;-0.098;-0.139
-0.081;-0.107;-0.11;-0.132
-0.144;-0.237;-0.117;-0.208
-0.112;-0.073;-0.09;-0.098
-0.039;-0.073;-0.127;-0.122
-0.029;-0.122;-0.12;-0.21
-0.017;-0.22;-0.1;-0.242
-0.061;-0.098;-0.12;-0.203
-0.19;-0.173;-0.156;-0.1
-0.176;-0.239;-0.168;-0.115
0.029;-0.159;-0.166;-0.098
-0.117;-0.112;-0.176;-0.181
-0.188;-0.046;-0.112;-0.098
-0.229;-0.127;-0.122;-0.022
-0.164;-0.063;-0.151;-0.049
-0.186;-0.251;-0.2;-0.105
-0.261;-0.056;-0.09;-0.142
-0.239;-0.042;-0.1;-0.139
-0.139;0.095;-0.066;-0.103
-0.051;-0.059;-0.139;0.005
-0.21;-0.164;-0.151;0.015
-0.132;-0.093;-0.144;-0.139
-0.149;-0.125;-0.166;-0.217
0.046;-0.269;-0.1;-0.129
0.027;-0.193;-0.103;-0.068
-0.217;-0.166;-0.139;-0.012
-0.227;-0.078;-0.215;-0.115
-0.022;-0.166;-0.195;-0.166
0.061;-0.315;-0.132;-0.117
-0.083;-0.188;-0.112;-0.149
-0.256;0.095;-0.19;-0.144
-0.33;-0.046;-0.208;-0.1
-0.2;-0.051;-0.095;-0.046
-0.105;-0.115;-0.085;-0.132
-0.2;-0.002;-0.112;-0.105
-0.227;-0.061;-0.146;-0.142
-0.239;-0.117;-0.142;-0.21
-0.168;-0.061;-0.076;-0.115
-0.222;-0.146;-0.022;-0.144
-0.244;-0.203;-0.027;-0.022
-0.107;-0.222;-0.068;-0.054
-0.081;-0.134;-0.09;-0.11
-0.107;-0.103;-0.09;-0.115
-0.125;-0.081;-0.032;-0.129
-0.063;-0.151;-0.034;-0.127
-0.076;-0.225;-0.139;-0.061
0.007;-0.151;-0.171;-0.098
-0.112;-0.159;-0.09;-0.037
-0.061;0.081;-0.112;-0.144
-0.142;-0.022;-0.11;-0.066
-0.159;-0.083;-0.208;-0.037
-0.061;-0.107;-0.183;-0.095
-0.203;-0.039;-0.134;-0.073
-0.249;-0.046;-0.042;-0.139
-0.225;0.063;-0.054;-0.11
-0.176;-0.068;-0.156;-0.127
-0.171;-0.032;-0.159;-0.068
-0.273;-0.161;-0.205;-0.166
-0.217;-0.122;-0.103;-0.127
-0.168;-0.151;-0.098;-0.212
-0.103;-0.022;-0.1;-0.11
-0.239;-0.173;-0.161;-0.129
-0.068;-0.195;-0.168;-0.098
0.002;-0.193;-0.125;-0.115
-0.024;-0.195;-0.02;-0.073
-0.137;-0.11;-0.049;-0.105
-0.168;-0.095;-0.156;-0.081
-0.195;-0.088;-0.208;-0.112
-0.056;0.034;-0.178;-0.198
-0.066;-0.181;-0.125;-0.171
-0.115;-0.032;-0.127;-0.11
-0.093;-0.046;-0.176;-0.166
-0.142;-0.044;-0.171;-0.103
-0.21;-0.076;-0.168;-0.168
-0.173;-0.027;-0.063;-0.122
-0.212;0.015;-0.11;-0.122
-0.244;-0.208;-0.088;-0.11
-0.149;-0.12;-0.1;-0.076
-0.098;-0.105;-0.085;-0.039
-0.181;-0.059;-0.059;-0.017
-0.161;-0.173;-0.149;-0.127
-0.01;-0.237;-0.051;-0.178
0.059;-0.271;-0.042;-0.232
-0.061;-0.181;-0.051;-0.168
-0.125;-0.308;-0.183;-0.146
-0.173;-0.215;-0.217;-0.144
-0.107;-0.085;-0.164;-0.11
-0.083;-0.212;-0.103;-0.093
-0.193;-0.186;-0.088;-0.039
-0.183;-0.168;-0.103;-0.037
0.0;0.024;-0.188;-0.11
0.095;-0.056;-0.117;-0.112
-0.269;-0.237;-0.1;-0.02
-0.352;-0.093;-0.139;-0.078
-0.312;-0.261;-0.12;-0.142
-0.203;-0.212;-0.105;-0.264
-0.081;-0.151;-0.117;-0.188
-0.115;-0.203;-0.054;-0.154
0.051;-0.212;-0.044;0.0
-0.042;-0.063;-0.125;-0.083
-0.215;-0.227;-0.166;-0.085
-0.034;-0.225;-0.125;-0.02
0.183;-0.305;-0.022;-0.049
-0.005;-0.129;-0.054;-0.139
-0.151;-0.029;-0.117;-0.178
-0.195;-0.107;-0.149;-0.129
-0.142;-0.125;-0.083;-0.105
-0.21;-0.129;-0.068;-0.054
-0.244;-0.022;-0.093;-0.112
-0.208;0.066;-0.081;-0.151
-0.188;-0.129;-0.105;-0.044
-0.134;0.132;-0.178;-0.193
-0.217;-0.125;-0.076;-0.193
-0.205;-0.181;-0.117;-0.056
-0.156;-0.068;-0.115;-0.083
-0.193;-0.081;-0.149;-0.173
-0.359;-0.125;-0.112;-0.115
-0.183;-0.061;-0.063;-0.122
-0.112;-0.146;-0.015;-0.122
0.168;-0.342;-0.139;-0.142
0.081;-0.457;-0.129;-0.012
0.024;-0.09;-0.012;-0.027
-0.278;-0.046;-0.105;-0.166
-0.171;-0.081;-0.142;-0.229
0.085;-0.149;-0.21;-0.173
-0.037;-0.088;-0.21;-0.129
-0.244;-0.186;-0.076;-0.151
-0.007;-0.078;-0.134;-0.127
0.029;-0.266;-0.117;-0.159
0.029;-0.085;-0.103;-0.039
-0.159;0.049;-0.139;-0.098
-0.242;0.239;-0.151;-0.164
-0.256;0.044;-0.068;-0.181
-0.115;-0.073;-0.054;-0.227
-0.049;-0.02;-0.029;-0.142
-0.286;-0.088;-0.042;-0.073
-0.244;-0.142;-0.071;-0.02
-0.205;-0.076;-0.139;-0.085
-0.137;-0.002;-0.107;-0.037
-0.2;-0.093;-0.088;-0.044
-0.01;-0.222;-0.051;-0.112
0.049;-0.251;-0.164;-0.129
-0.1;-0.129;-0.225;-0.142
-0.183;-0.259;-0.117;0.007
-0.12;-0.076;-0.093;-0.176
-0.095;-0.159;-0.139;-0.227
-0.037;-0.249;-0.229;-0.151
-0.139;-0.017;-0.117;-0.144
-0.278;0.027;-0.107;-0.112
-0.322;0.002;-0.1;-0.081
-0.161;-0.049;-0.117;0.027
-0.264;-0.159;-0.112;-0.076
-0.352;-0.154;-0.024;-0.161
-0.371;-0.247;-0.002;-0.149
-0.112;-0.181;-0.032;-0.076
0.01;-0.017;-0.095;-0.1
-0.19;-0.154;-0.103;-0.146
-0.212;-0.117;-0.066;-0.112
-0.22;-0.122;-0.042;-0.156
-0.01;-0.249;-0.1;-0.176
0.129;-0.378;-0.112;-0.115
0.081;-0.286;-0.161;-0.068
-0.034;-0.117;-0.208;-0.078
-0.081;-0.266;-0.176;-0.09
0.012;-0.22;-0.137;-0.234
-0.029;-0.146;-0.061;-0.266
-0.044;-0.078;-0.103;-0.149
0.056;-0.022;-0.176;-0.105
0.112;0.002;-0.242;-0.007
-0.039;0.071;-0.222;-0.166
-0.303;0.132;-0.059;-0.176
-0.303;-0.095;-0.037;-0.183
-0.239;-0.076;-0.107;-0.105
-0.281;-0.117;-0.195;-0.09
-0.33;-0.039;-0.144;-0.073
-0.31;-0.176;-0.024;-0.093
-0.21;-0.137;0.012;-0.115
-0.183;-0.029;-0.034;-0.139
-0.056;-0.085;-0.134;-0.11
-0.007;-0.081;-0.098;-0.107
-0.068;-0.156;0.01;-0.09
-0.115;-0.107;-0.066;-0.037
-0.054;-0.19;-0.115;-0.037
-0.037;-0.183;-0.198;-0.137
-0.032;-0.049;-0.142;-0.088
-0.061;-0.107;-0.144;-0.024
0.037;-0.01;-0.088;0.029
-0.098;-0.034;-0.125;-0.066
-0.127;0.01;-0.127;-0.117
-0.076;-0.005;-0.125;-0.166
-0.029;-0.103;-0.09;-0.066
-0.115;-0.112;-0.098;-0.039
-0.312;-0.029;-0.156;-0.083
-0.203;0.054;-0.076;-0.168
-0.061;-0.137;-0.042;-0.137
-0.061;-0.171;-0.063;-0.168
-0.159;-0.247;-0.076;-0.176
-0.044;-0.164;-0.063;-0.081
-0.061;-0.129;-0.049;-0.151
-0.046;-0.166;-0.068;-0.137
0.01;-0.112;-0.061;-0.247
-0.061;-0.195;-0.076;-0.212
-0.166;-0.171;-0.159;-0.225
-0.159;-0.122;-0.144;-0.188
-0.051;-0.254;-0.188;-0.198
-0.012;-0.115;-0.12;-0.129
-0.051;-0.171;-0.132;-0.149
-0.151;-0.051;-0.129;-0.151
-0.081;-0.227;-0.142;-0.151
-0.029;-0.247;-0.146;-0.173
-0.146;-0.146;-0.105;-0.156
-0.288;-0.027;-0.139;-0.146
-0.19;-0.139;-0.081;-0.088
0.0;-0.2;-0.151;-0.088
-0.039;-0.107;-0.144;-0.132
-0.122;-0.098;-0.117;-0.166
-0.129;-0.098;0.002;-0.173
-0.063;-0.117;-0.088;-0.134
-0.032;-0.027;-0.09;-0.015
-0.071;-0.017;-0.066;-0.139
-0.002;-0.051;0.017;-0.254
0.02;-0.164;-0.005;-0.186
0.02;-0.21;-0.063;-0.117
-0.039;-0.107;-0.132;-0.012
-0.085;-0.203;-0.164;-0.117
-0.22;-0.02;-0.161;-0.129
-0.139;-0.254;-0.127;-0.105
-0.068;-0.134;-0.061;-0.122
-0.027;-0.098;-0.156;-0.095
-0.063;0.012;-0.195;-0.034
-0.205;-0.132;-0.159;-0.076
-0.188;-0.288;-0.083;-0.02
-0.156;-0.107;-0.125;-0.034
-0.305;0.029;-0.159;-0.078
-0.276;0.034;-0.193;-0.037
-0.054;-0.125;-0.151;-0.068
0.19;-0.308;-0.022;-0.125
0.017;-0.247;0.02;-0.127
-0.254;0.042;-0.085;-0.125
-0.283;-0.02;-0.132;-0.12
-0.12;-0.051;-0.061;-0.117
-0.105;-0.188;-0.005;-0.254
-0.188;-0.11;-0.029;-0.125
-0.11;-0.154;-0.09;-0.12
-0.063;-0.161;-0.117;-0.081
0.02;-0.166;-0.081;-0.098
0.012;-0.061;-0.034;-0.11
0.017;-0.09;-0.037;-0.117
-0.181;-0.054;-0.127;-0.146
-0.186;0.027;-0.195;-0.156
-0.112;-0.1;-0.156;-0.186
-0.071;-0.146;-0.156;-0.195
-0.276;-0.073;-0.115;-0.142
-0.2;0.0;-0.178;-0.115
-0.034;-0.193;-0.166;-0.029
-0.139;-0.032;-0.142;0.002
-0.166;-0.154;-0.11;0.039
-0.105;-0.19;-0.146;-0.115
-0.017;-0.232;-0.129;-0.12
-0.056;-0.105;-0.081;-0.137
-0.093;-0.059;-0.093;-0.164
-0.291;-0.149;-0.085;-0.134
-0.186;-0.044;-0.078;-0.139
-0.208;0.002;-0.115;-0.098
-0.042;-0.178;-0.098;-0.164
0.051;-0.283;-0.088;-0.129
0.12;-0.137;-0.083;-0.068
-0.029;-0.217;-0.115;-0.022
-0.027;-0.151;-0.183;-0.029
-0.034;-0.129;-0.083;-0.049
-0.166;-0.078;-0.061;-0.054
-0.168;-0.132;-0.071;0.095
0.005;-0.225;-0.188;0.073
0.044;-0.186;-0.232;-0.076
0.015;-0.029;-0.21;-0.103
-0.037;-0.02;-0.081;-0.19
-0.09;-0.027;-0.066;0.049
-0.19;-0.027;-0.229;-0.056
-0.054;0.085;-0.208;-0.2
0.159;-0.237;-0.068;-0.122
-0.002;-0.251;0.027;-0.215
-0.337;-0.142;-0.132;-0.225
-0.305;-0.156;-0.237;0.0
-0.142;-0.378;-0.212;-0.117
-0.073;-0.3;-0.088;-0.283
-0.029;-0.186;-0.073;-0.325
-0.088;-0.178;-0.112;-0.176
-0.115;-0.144;-0.22;-0.205
-0.229;-0.112;-0.139;-0.11
-0.166;-0.293;-0.049;-0.266
-0.046;-0.132;-0.01;-0.107
-0.02;-0.032;-0.139;-0.146
-0.12;-0.071;-0.19;-0.164
-0.078;-0.122;-0.217;-0.229
-0.046;0.112;-0.078;-0.208
-0.105;0.044;-0.059;-0.256
0.049;-0.044;-0.071;-0.073
-0.007;-0.071;-0.146;-0.09
-0.127;0.01;-0.125;-0.039
-0.337;-0.132;-0.085;-0.012
-0.249;-0.364;-0.061;-0.071
-0.151;-0.256;-0.063;-0.149
-0.159;-0.122;-0.134;-0.044
-0.229;0.083;-0.164;-0.073
0.01;-0.012;-0.088;-0.054
0.073;-0.071;-0.093;-0.044
-0.083;-0.215;-0.11;-0.12
0.037;0.015;-0.122;-0.015
-0.061;0.02;-0.127;-0.085
-0.237;-0.007;-0.112;-0.088
-0.261;-0.039;-0.154;-0.032
-0.071;-0.083;-0.095;0.044
-0.002;-0.176;-0.083;-0.088
-0.151;-0.098;-0.088;-0.063
-0.261;-0.007;-0.127;-0.1
-0.198;-0.127;-0.103;-0.198
-0.315;-0.161;-0.117;-0.042
-0.164;-0.059;-0.017;-0.029
-0.029;0.017;-0.01;-0.083
0.005;0.015;0.0;-0.159
-0.217;0.103;-0.095;-0.085
-0.281;0.144;-0.095;-0.139
-0.232;-0.12;-0.078;-0.049
-0.078;-0.22;-0.085;-0.186
0.085;-0.386;-0.12;-0.134
0.032;-0.173;-0.127;-0.117
-0.09;-0.059;-0.132;-0.059
-0.103;-0.22;-0.181;-0.115
-0.103;-0.198;-0.078;-0.127
-0.122;-0.212;-0.027;-0.085
-0.122;-0.195;-0.071;-0.061
-0.056;-0.249;-0.151;-0.076
-0.017;-0.229;-0.149;-0.037
-0.039;-0.232;-0.122;0.005
-0.146;-0.251;-0.107;-0.125
-0.261;-0.117;-0.085;-0.161
-0.288;0.029;-0.129;-0.159
-0.046;-0.146;-0.11;-0.173
-0.117;0.042;-0.127;-0.173
-0.281;-0.059;-0.105;-0.227
-0.205;-0.024;-0.125;-0.183
-0.188;-0.229;-0.105;-0.181
-0.215;-0.044;-0.107;-0.195
-0.063;-0.078;-0.178;-0.193
-0.076;-0.076;-0.215;-0.115
-0.127;-0.222;-0.151;-0.105
-0.134;-0.139;-0.125;-0.171
-0.09;-0.149;-0.151;-0.125
-0.022;-0.317;-0.208;-0.144
0.032;-0.237;-0.198;-0.12
-0.005;0.0;-0.208;-0.144
-0.054;-0.022;-0.166;-0.156
-0.103;-0.208;-0.156;-0.11
-0.239;-0.139;-0.115;-0.02
-0.249;-0.076;-0.12;-0.046
-0.039;-0.117;-0.146;-0.012
-0.044;-0.117;-0.161;0.0
-0.217;-0.078;-0.127;-0.071
-0.288;-0.081;-0.139;-0.139
-0.286;-0.344;-0.085;-0.166
-0.142;-0.308;-0.164;-0.059
-0.054;-0.176;-0.159;-0.073
-0.063;-0.007;-0.1;-0.132
-0.076;0.032;-0.061;-0.234
-0.156;0.161;-0.1;-0.21
-0.327;-0.171;-0.115;-0.09
-0.305;-0.176;-0.176;-0.054
-0.225;-0.178;-0.164;-0.073
-0.154;-0.19;-0.09;-0.149
-0.022;-0.212;-0.081;-0.129
-0.105;-0.085;-0.225;-0.2
-0.283;-0.151;-0.21;-0.156
-0.242;-0.107;-0.173;-0.134
-0.059;-0.024;-0.117;-0.107
-0.371;-0.073;-0.137;-0.095
-0.266;-0.049;-0.171;-0.085
-0.249;-0.037;-0.166;-0.139
-0.173;-0.168;-0.085;-0.288
-0.247;-0.144;-0.09;-0.276
-0.103;-0.002;-0.107;-0.09
-0.312;-0.127;-0.151;-0.1
-0.317;-0.181;-0.129;-0.1
-0.278;-0.056;-0.049;-0.083
-0.125;-0.173;-0.002;-0.066
0.254;-0.078;-0.056;-0.168
0.159;-0.149;-0.034;-0.19
-0.1;-0.088;-0.132;-0.159
-0.115;-0.132;-0.059;-0.039
-0.098;-0.247;-0.125;-0.095
-0.061;-0.378;-0.149;-0.015
-0.168;-0.276;-0.183;-0.139
-0.312;0.037;-0.049;-0.088
-0.366;0.005;-0.146;-0.007
-0.166;-0.078;-0.186;0.051
0.059;-0.005;-0.264;0.017
-0.081;-0.295;-0.137;-0.1
-0.403;-0.073;-0.049;-0.183
-0.186;-0.073;-0.024;-0.176
-0.056;-0.127;-0.159;-0.154
-0.024;-0.002;-0.261;0.002
-0.068;0.11;-0.212;-0.088
-0.203;0.0;-0.032;-0.256
-0.137;-0.261;0.027;-0.166
-0.117;-0.173;-0.115;-0.137
-0.142;-0.181;-0.173;-0.112
-0.105;-0.251;-0.139;-0.076
-0.049;-0.286;-0.125;-0.227
-0.029;-0.229;-0.039;-0.259
-0.037;-0.088;-0.134;-0.112
0.002;0.0;-0.217;-0.166
-0.061;0.007;-0.171;0.042
-0.068;-0.125;-0.076;-0.002
-0.1;-0.181;-0.066;-0.107
-0.237;-0.046;-0.188;-0.066
-0.283;-0.007;-0.212;-0.039
-0.266;-0.122;-0.203;-0.154
-0.149;-0.02;-0.144;-0.203
-0.215;-0.022;0.017;-0.09
-0.312;0.073;-0.073;-0.051
-0.312;-0.002;-0.203;-0.166
-0.31;-0.217;-0.195;-0.137
-0.071;-0.288;-0.063;-0.085
-0.195;-0.212;-0.027;-0.054
-0.388;-0.103;-0.144;-0.066
-0.222;-0.173;-0.154;0.1
-0.076;-0.264;-0.178;-0.251
-0.068;-0.203;-0.024;-0.225
-0.205;-0.017;-0.171;-0.127
-0.247;-0.151;-0.205;-0.059
-0.093;-0.181;-0.188;-0.137
0.056;-0.061;-0.044;-0.195
-0.151;-0.166;0.007;-0.249
-0.229;-0.129;-0.115;-0.054
-0.249;-0.142;-0.178;-0.024
-0.159;0.024;-0.242;-0.061
-0.078;-0.085;-0.156;-0.066
-0.181;-0.186;-0.085;-0.046
-0.183;-0.024;-0.09;-0.198
-0.081;-0.171;-0.132;-0.056
-0.164;-0.171;-0.181;-0.151
-0.239;-0.032;-0.134;-0.042
-0.293;-0.054;-0.095;-0.051
-0.034;-0.093;-0.071;-0.144
-0.017;-0.232;-0.164;-0.076
-0.09;-0.212;-0.076;-0.002
-0.137;-0.164;-0.078;-0.103
-0.161;-0.051;-0.039;0.005
-0.078;-0.173;-0.085;-0.146
-0.076;-0.159;-0.044;-0.078
-0.029;-0.081;-0.059;-0.132
-0.129;-0.049;-0.093;-0.127
-0.234;-0.044;-0.171;-0.061
-0.176;-0.144;-0.139;-0.078
-0.132;-0.129;-0.081;-0.112
-0.017;-0.098;-0.105;-0.161
-0.293;-0.029;-0.078;0.007
-0.4;0.088;-0.2;-0.076
-0.273;-0.12;-0.115;-0.044
-0.159;-0.09;-0.081;-0.149
-0.029;-0.259;-0.056;-0.212
-0.017;-0.012;-0.088;-0.115
-0.166;0.059;-0.242;-0.146
-0.215;0.012;-0.125;-0.122
-0.01;-0.112;-0.068;-0.078
-0.054;-0.237;-0.056;-0.156
-0.117;-0.276;-0.188;-0.142
0.012;-0.315;-0.127;-0.039
0.007;-0.264;-0.11;-0.076
-0.137;-0.088;-0.122;-0.1
-0.288;-0.164;-0.112;-0.042
-0.044;-0.164;-0.134;-0.083
-0.066;-0.156;-0.164;-0.19
-0.217;-0.1;-0.117;-0.129
-0.149;0.117;-0.11;-0.056
-0.1;0.181;-0.142;-0.129
-0.198;0.076;-0.144;-0.078
-0.132;0.007;-0.105;-0.203
-0.078;-0.071;0.005;-0.066
-0.195;-0.09;-0.085;-0.103
-0.227;-0.117;-0.159;-0.115
-0.063;-0.159;-0.115;-0.088
-0.046;-0.176;-0.022;-0.127
0.005;-0.281;-0.005;-0.076
-0.12;-0.188;-0.115;-0.117
-0.107;-0.203;-0.19;-0.117
-0.154;-0.161;-0.237;-0.061
0.015;-0.327;-0.144;-0.093
0.103;-0.337;-0.059;-0.127
0.007;-0.09;-0.146;-0.103
-0.105;-0.103;-0.203;-0.063
-0.144;-0.181;-0.212;-0.125
-0.178;-0.115;-0.105;-0.112
-0.156;-0.02;-0.12;-0.132
-0.183;-0.171;-0.081;-0.146
-0.107;-0.037;-0.156;-0.139
-0.142;-0.22;-0.125;-0.151
-0.281;-0.032;-0.139;-0.068
-0.276;0.022;-0.066;-0.115
-0.176;-0.049;-0.054;-0.103
-0.09;-0.024;-0.098;-0.186
-0.176;0.034;-0.044;-0.156
-0.107;-0.127;-0.076;-0.076
-0.049;-0.295;-0.103;-0.061
-0.024;-0.225;-0.083;-0.076
-0.156;-0.137;-0.073;-0.159
-0.244;-0.09;-0.032;-0.151
-0.22;-0.159;-0.068;0.01
-0.044;-0.112;-0.2;-0.044
-0.151;0.0;-0.154;-0.044
-0.083;-0.11;-0.11;-0.093
-0.017;-0.1;0.017;-0.022
-0.02;-0.083;-0.112;-0.002
-0.122;-0.154;-0.203;-0.054
-0.076;-0.11;-0.21;-0.159
-0.286;0.149;-0.056;-0.154
-0.251;-0.007;-0.012;-0.188
-0.122;-0.002;-0.068;0.073
-0.144;-0.085;-0.2;0.022
-0.22;-0.042;-0.188;-0.195
-0.161;-0.129;-0.063;-0.046
-0.176;-0.264;-0.066;-0.032
-0.205;-0.295;0.044;-0.215
-0.176;-0.227;0.034;-0.229
-0.117;-0.081;-0.073;-0.181
0.012;-0.166;-0.129;-0.198
-0.115;-0.176;-0.11;-0.154
-0.208;-0.315;-0.017;-0.251
-0.037;-0.305;-0.186;-0.229
-0.02;-0.232;-0.151;-0.247
-0.093;-0.203;-0.11;-0.156
-0.09;-0.068;-0.195;-0.042
-0.066;-0.007;-0.112;-0.066
-0.02;0.056;-0.002;-0.229
-0.107;-0.217;-0.095;0.144
-0.312;-0.103;-0.293;-0.159
-0.303;0.042;0.051;-0.232
-0.2;-0.044;-0.151;-0.232
0.022;-0.054;0.0;-0.146
0.042;-0.081;-0.273;-0.342
-0.081;-0.007;0.017;-0.193
-0.178;-0.037;-0.164;-0.093
-0.095;0.005;0.093;-0.151
0.129;-0.107;0.005;-0.21
0.105;-0.164;-0.171;-0.176
-0.083;-0.051;-0.178;-0.017
-0.166;-0.156;0.034;-0.127
-0.127;-0.039;0.01;-0.232
-0.01;-0.176;-0.305;-0.007
0.049;-0.186;-0.344;0.225
-0.024;0.0;-0.129;0.007
-0.139;-0.002;0.0;-0.122
-0.137;-0.176;-0.134;-0.281
0.015;-0.208;-0.054;-0.1
-0.093;0.071;-0.264;0.076
-0.227;-0.007;-0.159;-0.242
-0.264;0.217;-0.054;-0.171
-0.11;0.002;0.024;-0.139
-0.195;-0.083;-0.234;-0.161
-0.085;-0.129;-0.112;-0.569
0.151;-0.276;0.256;-0.132
0.073;-0.239;-0.251;-0.347
-0.176;0.051;-0.171;-0.112
-0.298;-0.12;-0.176;-0.151
-0.129;-0.271;0.012;-0.125
0.085;-0.383;0.054;-0.334
0.044;-0.342;0.239;0.066
-0.063;-0.19;-0.271;-0.312
0.0;-0.222;-0.212;0.012
-0.056;-0.129;-0.33;-0.195
-0.103;0.127;0.095;-0.271
-0.076;-0.098;0.0;-0.1
-0.022;-0.103;-0.149;-0.029
-0.261;-0.122;-0.317;-0.049
-0.317;-0.032;-0.083;-0.088
-0.134;0.059;0.017;-0.176
-0.034;-0.317;0.076;-0.266
-0.276;-0.076;-0.149;-0.12
-0.291;-0.017;-0.3;-0.305
-0.281;0.171;-0.149;-0.083
-0.137;-0.059;-0.095;-0.076
0.225;-0.127;0.044;-0.239
0.266;-0.31;-0.02;-0.171
0.037;-0.142;-0.039;0.129
-0.229;-0.195;-0.222;-0.242
-0.01;-0.193;-0.071;-0.044
-0.059;-0.208;-0.059;-0.2
-0.051;-0.032;0.042;-0.327
-0.078;-0.056;-0.103;0.081
-0.022;-0.078;-0.171;0.049
-0.042;-0.024;-0.066;-0.269
-0.068;0.066;-0.142;0.044
-0.005;-0.024;-0.173;-0.281
-0.142;-0.02;-0.139;-0.312
-0.171;-0.125;-0.188;-0.208
-0.151;-0.061;-0.051;-0.078
-0.103;-0.034;-0.171;-0.222
-0.181;0.054;-0.012;0.073
-0.293;-0.181;-0.144;-0.142
-0.178;0.002;0.012;-0.139
-0.127;-0.139;-0.081;-0.056
-0.095;-0.166;-0.066;-0.251
-0.164;-0.122;-0.103;-0.215
-0.271;-0.068;-0.161;-0.142
-0.19;-0.193;-0.166;-0.225
-0.112;-0.173;-0.181;-0.083
0.012;-0.239;-0.066;-0.137
-0.093;-0.208;-0.015;-0.139
-0.02;-0.068;-0.208;-0.083
-0.134;-0.12;-0.239;-0.12
-0.066;0.005;-0.068;-0.098
0.015;-0.12;-0.125;-0.151
0.01;-0.105;-0.037;-0.366
-0.098;-0.063;-0.029;-0.369
-0.237;0.22;-0.054;-0.234
-0.146;-0.122;-0.078;-0.178
-0.12;-0.173;0.027;-0.217
-0.134;-0.005;0.105;-0.188
-0.269;-0.146;-0.098;-0.256
-0.059;-0.063;-0.054;-0.083
-0.005;0.046;-0.088;0.1
-0.142;-0.029;-0.042;-0.027
-0.173;-0.159;-0.085;0.168
-0.112;-0.193;-0.19;-0.005
-0.183;-0.181;-0.088;-0.166
-0.098;-0.149;-0.078;-0.154
-0.037;-0.19;-0.012;-0.19
-0.156;-0.127;-0.056;-0.21
0.0;-0.015;-0.051;0.005
0.034;-0.046;-0.088;-0.063
0.071;-0.188;-0.117;-0.029
-0.049;-0.144;-0.095;-0.039
-0.19;0.083;-0.227;-0.149
-0.134;0.068;-0.281;-0.168
-0.125;-0.039;-0.205;0.088
-0.132;-0.195;-0.156;-0.159
-0.239;-0.017;-0.134;-0.081
-0.166;-0.144;-0.083;-0.037
-0.156;-0.21;-0.122;-0.166
-0.034;-0.178;-0.005;-0.137
-0.208;0.061;0.044;-0.098
-0.149;-0.017;0.029;-0.286
-0.112;-0.056;-0.037;-0.132
-0.1;-0.061;-0.161;-0.129
-0.2;-0.203;0.01;-0.19
-0.154;-0.251;-0.029;-0.071
-0.144;-0.181;-0.005;-0.085
-0.122;-0.134;-0.09;-0.083
-0.044;-0.303;-0.046;-0.059
0.012;-0.166;-0.044;-0.095
0.027;-0.137;0.0;-0.081
-0.027;0.007;-0.017;-0.066
-0.081;-0.044;-0.098;-0.229
-0.083;-0.105;-0.088;-0.11
-0.308;-0.046;-0.193;-0.081
-0.356;0.022;-0.166;-0.11
-0.249;-0.083;-0.12;-0.146
0.066;-0.198;-0.078;-0.11
-0.083;-0.156;-0.144;-0.132
-0.212;-0.193;-0.164;0.022
-0.193;-0.227;-0.227;0.142
-0.173;-0.024;-0.139;-0.005
-0.208;-0.11;-0.11;-0.051
-0.103;-0.134;-0.081;-0.146
-0.198;-0.139;-0.063;-0.239
-0.186;-0.071;-0.083;-0.071
-0.139;-0.115;-0.081;-0.098
-0.078;-0.3;-0.186;-0.168
0.037;-0.171;-0.127;-0.129
-0.078;-0.088;-0.12;-0.054
-0.171;0.01;-0.2;-0.076
-0.117;-0.039;-0.142;-0.081
-0.02;-0.271;-0.098;-0.029
-0.002;-0.073;-0.044;-0.027
-0.195;0.005;-0.063;-0.083
-0.107;0.146;-0.039;-0.166
-0.01;0.093;-0.122;-0.288
-0.01;-0.061;-0.127;-0.132
0.054;-0.081;-0.134;-0.034
-0.063;0.085;-0.12;0.063
-0.093;0.071;-0.137;-0.276
-0.322;-0.01;-0.012;-0.149
-0.2;-0.117;-0.051;-0.059
-0.181;-0.105;-0.105;0.085
-0.115;-0.112;-0.09;-0.02
0.063;-0.068;-0.11;0.005
0.017;-0.208;0.02;-0.288
-0.134;-0.039;0.107;-0.237
-0.247;-0.105;-0.032;-0.081
-0.178;-0.137;-0.203;-0.078
-0.151;-0.122;-0.193;-0.19
-0.078;-0.129;-0.098;-0.225
-0.073;-0.344;-0.044;-0.295
-0.068;-0.205;0.029;-0.149
-0.142;-0.283;-0.215;-0.073
-0.195;-0.132;-0.286;0.015
-0.002;-0.183;-0.173;-0.051
-0.166;-0.09;-0.024;-0.112
-0.159;-0.168;-0.151;-0.144
-0.085;-0.105;-0.215;-0.027
-0.039;-0.078;-0.171;-0.264
-0.281;-0.134;0.007;-0.227
-0.31;-0.012;0.09;-0.159
-0.159;-0.281;0.024;-0.085
-0.071;-0.249;-0.164;-0.127
-0.168;-0.22;-0.242;-0.12
-0.139;0.037;-0.083;-0.11
0.007;-0.032;-0.029;-0.066
0.005;-0.154;-0.071;0.078
-0.081;-0.242;-0.154;0.054
-0.105;0.02;-0.061;0.022
-0.105;-0.063;-0.127;-0.076
-0.049;-0.261;-0.083;-0.027
-0.049;-0.129;-0.105;-0.068
-0.083;-0.066;-0.129;-0.1
-0.171;-0.117;-0.227;-0.127
-0.261;0.049;-0.239;-0.11
-0.261;-0.117;-0.085;-0.081
-0.098;-0.088;-0.088;-0.217
-0.063;-0.063;-0.107;-0.188
-0.198;-0.039;-0.103;-0.144
-0.237;-0.09;0.007;-0.095
-0.159;-0.076;0.027;-0.071
-0.137;-0.127;-0.056;-0.073
-0.134;-0.054;-0.127;-0.054
-0.061;-0.088;-0.215;-0.103
-0.063;-0.198;0.022;-0.212
0.044;-0.09;-0.01;-0.232
-0.032;-0.085;-0.112;-0.122
0.029;-0.105;-0.22;-0.122
-0.088;-0.081;-0.149;-0.193
0.032;-0.146;-0.149;-0.298
-0.039;-0.161;-0.117;-0.22
0.107;-0.344;-0.22;-0.1
-0.01;-0.183;-0.237;-0.034
-0.002;-0.2;-0.166;-0.078
-0.112;0.061;-0.142;-0.156
-0.256;-0.007;-0.054;-0.159
-0.269;-0.19;-0.112;-0.054
-0.259;-0.081;-0.161;-0.125
-0.105;-0.144;-0.085;-0.088
-0.061;-0.005;-0.076;-0.227
-0.076;-0.044;-0.061;-0.249
-0.125;-0.044;-0.2;-0.071
-0.146;-0.22;-0.151;-0.076
-0.144;-0.161;-0.146;-0.088
-0.125;-0.168;-0.051;-0.095
-0.068;-0.242;-0.112;0.012
-0.054;-0.112;-0.088;-0.01
-0.132;-0.146;-0.098;-0.12
-0.146;-0.039;-0.088;-0.232
-0.051;-0.068;-0.12;-0.254
-0.093;-0.098;-0.156;-0.11
-0.156;-0.168;-0.171;-0.134
-0.137;-0.154;-0.134;-0.076
-0.176;-0.125;-0.12;-0.063
-0.217;-0.093;-0.132;0.017
-0.237;-0.02;-0.071;0.029
-0.11;-0.022;-0.112;0.0
-0.239;-0.01;-0.088;-0.217
-0.303;-0.107;-0.1;-0.176
-0.208;-0.095;-0.044;-0.166
-0.034;-0.105;-0.042;-0.142
-0.027;-0.068;-0.103;-0.081
-0.173;-0.244;-0.066;-0.183
-0.322;-0.11;-0.088;-0.205
-0.144;-0.171;-0.024;-0.139
-0.073;-0.276;-0.154;-0.09
-0.156;-0.232;-0.132;0.012
-0.039;-0.146;-0.198;-0.046
-0.032;-0.159;-0.125;-0.049
-0.083;-0.212;-0.137;-0.083
-0.066;-0.256;-0.159;-0.046
-0.144;-0.186;-0.19;-0.078
-0.168;-0.088;-0.11;-0.146
-0.173;-0.247;-0.085;-0.181
-0.122;-0.098;-0.112;-0.156
-0.19;-0.088;-0.105;-0.181
-0.208;0.093;-0.149;-0.054
-0.134;-0.142;-0.149;-0.005
-0.305;-0.005;-0.164;-0.066
-0.31;0.056;-0.066;-0.215
-0.239;0.022;-0.017;-0.149
-0.129;-0.132;-0.078;-0.088
-0.015;-0.034;-0.066;-0.112
-0.144;-0.127;-0.103;-0.159
-0.342;-0.21;-0.071;-0.103
-0.337;-0.273;-0.21;-0.146
-0.117;-0.103;-0.164;-0.085
0.049;-0.156;-0.076;-0.056
0.01;-0.132;-0.051;-0.161
-0.076;0.042;-0.11;-0.088
-0.144;-0.037;-0.244;-0.034
-0.081;-0.137;-0.159;-0.029
0.02;0.039;-0.193;-0.105
-0.083;-0.012;-0.176;-0.215
-0.22;0.061;-0.142;-0.146
-0.115;-0.039;-0.149;-0.125
-0.146;-0.173;-0.193;-0.073
-0.061;-0.149;-0.073;-0.027
-0.188;-0.117;-0.034;-0.044
-0.107;-0.076;-0.061;-0.168
-0.076;-0.134;-0.11;-0.164
-0.093;-0.054;-0.073;-0.156
-0.093;-0.012;-0.073;-0.183
-0.166;-0.149;-0.115;-0.227
-0.122;-0.176;-0.093;-0.159
0.056;-0.269;-0.129;-0.139
0.005;-0.193;-0.051;-0.151
-0.125;0.024;-0.129;-0.144
0.039;-0.002;-0.205;-0.054
0.056;-0.061;-0.19;-0.078
-0.007;-0.156;0.0;-0.156
-0.01;-0.024;0.024;-0.215
-0.073;-0.046;-0.083;-0.107
-0.115;-0.1;-0.217;-0.266
-0.181;-0.122;-0.264;-0.115
-0.151;-0.061;-0.205;-0.083
-0.146;-0.146;-0.088;-0.107
-0.164;0.029;-0.11;-0.105
-0.076;-0.068;-0.122;-0.073
-0.095;-0.098;-0.159;-0.005
-0.059;-0.142;0.002;0.002
-0.208;0.044;0.085;-0.149
-0.205;0.044;0.1;-0.251
-0.139;-0.151;-0.056;-0.266
0.066;-0.154;-0.173;-0.132
-0.01;-0.068;-0.225;-0.051
-0.161;0.032;-0.095;-0.063
-0.229;-0.146;-0.105;-0.09
-0.024;-0.151;-0.105;-0.146
0.081;-0.261;-0.076;-0.034
0.103;-0.166;-0.112;-0.063
-0.049;-0.105;-0.149;-0.129
-0.264;-0.149;-0.22;-0.056
-0.156;-0.112;-0.139;-0.132
-0.112;-0.139;-0.173;-0.127
-0.12;-0.024;-0.227;-0.181
-0.181;-0.051;-0.159;-0.122
-0.176;0.049;-0.081;-0.037
-0.159;-0.125;-0.151;0.056
-0.239;-0.068;-0.132;-0.042
-0.286;-0.085;-0.19;-0.081
-0.259;-0.156;-0.068;-0.127
-0.095;-0.181;-0.066;-0.122
-0.139;-0.12;-0.146;-0.056
-0.288;-0.044;-0.149;-0.11
-0.215;-0.134;-0.117;-0.176
-0.107;-0.229;-0.049;-0.151
-0.022;-0.242;-0.066;-0.142
-0.051;-0.122;-0.112;-0.244
-0.081;-0.105;-0.051;-0.103
-0.137;-0.33;-0.134;-0.115
-0.161;-0.295;-0.122;-0.107
-0.2;-0.139;-0.159;-0.103
-0.173;-0.081;-0.146;-0.085
-0.193;-0.088;-0.164;-0.071
-0.146;-0.142;-0.205;-0.11
-0.081;-0.02;-0.127;-0.076
-0.195;0.066;-0.007;-0.112
-0.173;-0.12;-0.024;-0.125
-0.144;-0.168;-0.146;-0.134
-0.073;-0.093;-0.137;-0.183
-0.093;0.081;-0.032;-0.237
-0.1;-0.005;-0.002;-0.105
-0.007;-0.134;-0.122;-0.022
-0.09;-0.225;-0.19;-0.103
-0.203;-0.117;-0.115;-0.078
-0.256;-0.244;-0.02;-0.251
-0.122;-0.298;-0.007;-0.181
-0.12;-0.342;-0.195;-0.103
-0.073;-0.149;-0.237;-0.051
-0.071;-0.176;-0.178;-0.066
-0.098;-0.127;-0.081;-0.142
-0.151;-0.103;-0.098;-0.125
-0.049;-0.122;-0.129;-0.068
-0.02;-0.088;-0.195;-0.09
-0.127;-0.032;-0.205;-0.195
-0.12;-0.078;-0.103;-0.056
-0.198;-0.117;-0.122;-0.085
-0.21;-0.098;-0.217;-0.02
-0.33;-0.103;-0.251;-0.017
-0.234;-0.129;-0.195;-0.034
-0.176;-0.098;-0.112;-0.146
-0.12;0.0;-0.063;-0.146
-0.105;0.051;-0.144;-0.137
-0.127;-0.137;-0.081;-0.156
-0.063;-0.217;-0.068;-0.195
-0.071;-0.188;0.01;-0.232
-0.071;-0.127;0.012;-0.31
-0.107;-0.293;-0.051;-0.161
0.051;-0.203;-0.222;-0.205
0.093;-0.132;-0.178;-0.049
-0.02;-0.129;-0.103;-0.103
0.0;-0.068;0.012;-0.156
-0.137;-0.125;-0.071;-0.11
-0.129;-0.168;-0.159;-0.098
-0.076;-0.227;-0.242;0.037
0.059;0.007;-0.11;-0.02
-0.054;0.022;-0.09;-0.208
-0.122;-0.139;-0.115;-0.181
-0.112;-0.002;-0.149;-0.181
-0.188;-0.034;-0.156;-0.134
-0.105;-0.046;-0.125;-0.1
-0.085;-0.056;-0.037;-0.19
-0.193;-0.203;-0.015;-0.168
-0.261;0.076;-0.029;-0.054
-0.183;0.015;-0.093;-0.042
-0.103;0.0;-0.078;-0.024
0.002;-0.229;-0.012;-0.129
-0.088;-0.149;0.002;-0.129
-0.168;-0.156;-0.137;-0.083
-0.173;-0.071;-0.215;-0.054
-0.129;-0.125;-0.2;-0.156
0.012;-0.232;-0.146;-0.107
-0.098;-0.247;-0.095;-0.027
-0.159;-0.254;-0.154;-0.002
-0.115;-0.105;-0.261;0.02
-0.161;-0.059;-0.273;-0.02
-0.208;0.051;-0.166;-0.083
-0.142;0.012;-0.034;-0.032
-0.095;-0.039;-0.083;-0.046
-0.129;-0.188;-0.156;-0.051
-0.166;-0.178;-0.173;-0.056
-0.22;0.005;0.007;-0.098
-0.19;-0.095;0.029;-0.151
-0.356;-0.107;0.007;-0.176
-0.273;-0.249;-0.139;-0.151
-0.073;-0.159;-0.137;-0.122
-0.017;-0.225;-0.103;-0.164
-0.154;-0.212;-0.088;-0.122
-0.139;-0.139;-0.088;-0.149
-0.103;-0.159;-0.078;-0.171
-0.122;-0.217;-0.039;-0.264
0.049;-0.125;-0.1;-0.137
0.061;-0.12;-0.151;-0.078
-0.007;-0.266;-0.146;-0.093
0.005;-0.146;-0.093;-0.09
-0.156;-0.061;-0.112;-0.205
-0.159;-0.022;-0.095;-0.032
-0.188;-0.066;-0.151;-0.054
-0.059;-0.142;-0.098;-0.044
-0.066;-0.132;-0.115;-0.085
-0.19;-0.002;-0.022;-0.068
-0.217;0.046;0.002;-0.093
-0.161;-0.149;-0.061;-0.078
-0.203;-0.071;-0.093;-0.032
-0.186;0.095;-0.103;-0.105
-0.098;0.017;0.01;-0.115
-0.032;-0.266;-0.01;-0.09
-0.01;-0.166;-0.049;-0.183
0.0;-0.073;-0.21;-0.12
0.046;-0.134;-0.251;-0.115
-0.027;-0.151;-0.1;0.005
-0.081;-0.161;-0.188;-0.039
-0.127;-0.146;-0.188;-0.076
-0.093;-0.149;-0.217;-0.059
-0.012;-0.144;-0.205;-0.164
0.015;-0.059;-0.139;-0.076
-0.061;-0.093;-0.105;-0.081
-0.19;-0.032;-0.139;-0.154
-0.371;0.085;-0.176;-0.122
-0.105;-0.117;-0.125;-0.056
0.056;-0.09;-0.181;-0.212
0.037;-0.122;-0.076;-0.232
-0.154;0.007;-0.093;-0.112
-0.085;-0.137;-0.09;-0.002
-0.11;-0.071;-0.132;-0.054
-0.181;-0.112;-0.112;-0.027
-0.149;-0.146;-0.085;-0.173
-0.012;-0.205;0.046;-0.188
-0.112;-0.217;0.002;-0.203
-0.127;-0.127;-0.095;-0.11
0.105;-0.039;-0.251;-0.173
-0.002;-0.073;-0.134;0.022
-0.039;0.071;-0.156;-0.139
-0.112;-0.11;-0.188;-0.071
0.251;-0.176;-0.256;-0.186
0.09;-0.154;-0.212;-0.107
-0.2;-0.166;-0.227;-0.156
-0.12;-0.103;-0.056;-0.103
-0.193;-0.122;-0.081;-0.149
-0.386;-0.122;-0.054;-0.088
-0.264;-0.117;-0.208;-0.144
0.039;-0.051;-0.073;-0.159
0.093;0.09;-0.056;-0.12
-0.12;-0.029;-0.112;-0.137
-0.105;0.076;-0.146;-0.112
-0.002;-0.159;-0.078;-0.059
-0.083;-0.144;-0.032;-0.264
-0.112;-0.251;0.012;-0.212
-0.171;-0.117;-0.173;0.09
-0.2;-0.291;-0.132;0.037
-0.068;-0.229;-0.144;-0.127
0.088;-0.298;-0.056;-0.247
-0.078;-0.149;-0.054;-0.112
-0.303;-0.09;-0.166;0.002
0.0;-0.017;-0.276;0.002
0.078;0.076;-0.22;-0.049
0.017;0.0;-0.01;-0.164
-0.166;0.059;0.103;-0.083
-0.198;-0.247;-0.066;-0.068
-0.227;-0.181;-0.229;-0.027
-0.342;-0.059;-0.239;-0.154
-0.312;0.029;-0.088;-0.142
-0.305;0.129;-0.024;-0.178
-0.283;-0.098;-0.178;-0.066
-0.149;-0.002;-0.276;-0.205
-0.103;-0.193;-0.146;-0.098
-0.083;-0.129;-0.093;-0.171
-0.183;-0.149;-0.107;-0.19
-0.125;-0.159;-0.107;-0.156
0.024;-0.249;-0.076;-0.088
0.049;-0.286;-0.024;-0.203
-0.005;-0.139;-0.046;-0.076
-0.022;-0.186;-0.154;-0.139
-0.076;-0.198;-0.166;-0.032
-0.269;-0.283;-0.21;-0.156
-0.227;-0.149;-0.212;-0.193
-0.137;-0.164;-0.237;-0.208
-0.142;-0.142;-0.264;-0.125
-0.042;-0.02;-0.244;-0.078
-0.176;0.054;-0.225;-0.339
-0.354;0.034;-0.066;-0.281
-0.474;-0.09;0.007;-0.042
-0.261;-0.046;-0.002;-0.129
-0.093;-0.046;-0.085;-0.237
-0.012;-0.144;-0.098;-0.195
-0.073;-0.061;-0.032;-0.115
-0.22;0.044;-0.054;-0.156
-0.264;0.129;-0.151;-0.132
-0.122;-0.149;-0.208;-0.022
0.059;-0.154;-0.081;-0.146
-0.002;-0.125;-0.139;-0.137
-0.01;-0.098;-0.198;-0.032
-0.076;-0.181;-0.176;-0.005
-0.232;-0.129;-0.071;-0.159
-0.056;-0.188;-0.088;-0.098
-0.01;-0.02;-0.164;0.01
-0.115;-0.044;-0.198;0.154
-0.105;-0.212;-0.237;0.0
-0.049;-0.19;-0.186;-0.09
-0.308;-0.146;0.0;-0.042
-0.256;0.095;0.112;-0.115
-0.076;-0.12;-0.132;-0.178
0.015;-0.024;-0.237;-0.081
-0.156;-0.049;-0.11;-0.022
-0.242;0.056;0.034;-0.085
-0.198;-0.051;0.037;-0.122
-0.103;-0.22;0.0;-0.193
-0.164;-0.007;-0.103;-0.198
-0.173;-0.205;-0.071;-0.105
0.01;-0.164;-0.061;-0.115
0.071;-0.342;-0.024;-0.09
-0.049;-0.261;-0.134;-0.161
-0.125;-0.298;-0.076;-0.09
-0.09;-0.193;-0.149;-0.281
-0.193;-0.164;-0.054;-0.222
-0.059;-0.225;-0.127;-0.186
-0.083;-0.164;-0.11;-0.029
-0.186;-0.029;-0.203;-0.002
-0.278;-0.017;-0.129;-0.073
-0.215;-0.229;-0.076;-0.166
-0.129;-0.188;-0.056;-0.21
-0.256;0.076;-0.061;-0.085
-0.168;0.046;-0.159;-0.144
-0.032;-0.037;-0.068;-0.154
0.059;-0.212;-0.02;-0.171
-0.098;-0.139;-0.049;-0.017
-0.178;0.042;-0.134;-0.027
-0.122;-0.002;-0.137;0.144
0.095;-0.249;-0.166;-0.093
0.09;-0.178;-0.02;-0.068
0.078;-0.151;-0.012;-0.024
-0.01;-0.193;-0.039;-0.032
-0.022;-0.234;-0.173;-0.034
0.022;-0.029;-0.205;-0.144
-0.029;-0.112;-0.132;-0.107
-0.181;-0.063;-0.032;-0.093
-0.154;0.002;-0.059;-0.095
-0.12;0.027;-0.168;-0.105
-0.032;-0.054;-0.325;0.002
-0.117;0.127;-0.176;0.039
-0.264;0.186;-0.012;-0.112
-0.364;-0.017;-0.059;-0.11
-0.232;-0.181;-0.144;-0.144
-0.271;-0.281;-0.034;-0.015
-0.247;-0.088;-0.09;-0.193
-0.198;-0.063;-0.11;-0.225
-0.1;-0.205;-0.115;-0.156
0.122;-0.439;-0.137;-0.105
0.005;-0.261;-0.029;-0.156
-0.107;-0.183;-0.146;-0.168
-0.051;-0.239;-0.166;-0.115
0.154;-0.208;-0.149;-0.161
-0.024;-0.132;0.037;-0.134
-0.317;-0.081;-0.022;-0.31
-0.2;-0.144;-0.156;-0.081
-0.042;-0.183;-0.122;-0.054
-0.002;-0.127;-0.127;-0.051
-0.09;0.022;-0.159;-0.161
-0.171;-0.054;-0.139;-0.205
-0.303;-0.005;-0.002;-0.22
-0.288;-0.037;-0.098;-0.159
-0.247;0.044;-0.251;-0.02
-0.117;0.042;-0.3;0.005
-0.134;-0.103;-0.146;-0.061
-0.276;-0.205;0.024;-0.266
-0.344;-0.208;-0.042;-0.334
-0.176;-0.261;-0.193;-0.078
-0.129;-0.186;-0.176;-0.103
-0.002;-0.149;-0.007;-0.142
-0.083;-0.215;-0.295;-0.115
-0.161;-0.21;0.051;0.083
-0.059;-0.146;-0.125;-0.254
0.088;-0.374;-0.024;-0.015
0.139;-0.017;-0.237;-0.107
0.229;-0.2;-0.042;-0.281
0.061;0.083;-0.027;-0.31
0.012;-0.103;-0.085;-0.083
-0.239;0.2;-0.203;-0.068
-0.251;-0.078;-0.225;-0.034
-0.027;-0.156;-0.178;-0.049
-0.007;-0.007;-0.071;-0.19
-0.159;0.068;-0.051;-0.139
-0.225;0.151;-0.02;-0.244
-0.178;0.078;0.007;-0.068
-0.195;-0.007;-0.022;-0.125
-0.042;-0.149;-0.1;-0.195
-0.002;-0.142;-0.024;-0.125
-0.225;0.083;-0.032;-0.164
-0.181;0.032;0.0;0.093
0.068;-0.034;-0.256;-0.139
0.198;-0.19;-0.11;0.051
0.02;-0.039;-0.137;-0.198
-0.122;-0.02;0.032;-0.024
-0.051;-0.032;-0.125;-0.439
-0.015;-0.076;-0.149;-0.159
-0.029;-0.22;-0.103;-0.027
-0.056;-0.132;-0.115;-0.22
-0.142;-0.112;-0.21;-0.083
-0.142;-0.002;-0.195;-0.059
-0.166;-0.037;-0.188;-0.166
-0.171;0.076;-0.376;-0.076
-0.176;-0.044;-0.278;0.095
-0.156;-0.161;-0.171;-0.347
-0.02;-0.002;0.132;-0.208
-0.188;0.0;-0.061;-0.244
-0.125;-0.1;0.015;-0.176
-0.151;-0.144;-0.234;-0.181
-0.149;-0.027;-0.088;-0.002
-0.007;0.01;-0.042;-0.276
0.01;-0.005;0.044;-0.107
0.137;-0.173;-0.125;-0.317
0.007;-0.269;-0.134;-0.051
-0.12;0.002;-0.405;-0.024
-0.3;-0.259;-0.11;0.137
-0.107;-0.093;-0.415;-0.159
-0.071;-0.181;-0.01;-0.005
-0.037;0.017;0.11;-0.271
0.007;0.017;-0.061;-0.078
-0.342;0.125;-0.249;0.217
-0.286;0.01;-0.166;-0.161
-0.276;-0.027;0.078;-0.093
-0.098;-0.242;-0.044;-0.288
-0.239;-0.125;0.151;0.042
-0.483;-0.173;-0.381;-0.024
-0.261;-0.088;-0.127;0.085
-0.11;-0.154;-0.154;-0.242
-0.144;-0.168;0.264;-0.024
-0.139;-0.239;-0.142;-0.337
-0.054;-0.212;-0.242;-0.078
0.076;-0.22;-0.198;-0.142
0.063;-0.227;0.034;-0.376
0.061;-0.076;-0.017;-0.076
0.078;-0.21;0.046;-0.015
0.071;-0.251;-0.088;-0.349
-0.088;-0.222;-0.232;0.005
-0.1;-0.139;-0.222;-0.029
-0.107;-0.081;-0.205;-0.11
0.071;-0.137;-0.059;-0.022
-0.007;-0.139;-0.103;-0.288
-0.088;-0.156;-0.334;-0.254
-0.244;0.066;-0.232;-0.027
-0.291;0.022;0.002;-0.352
-0.168;-0.024;-0.085;-0.271
-0.156;-0.002;-0.129;0.09
-0.051;-0.139;-0.061;-0.139
-0.063;-0.19;-0.054;-0.061
-0.298;-0.308;-0.093;-0.032
-0.408;0.0;-0.21;-0.034
-0.137;-0.322;-0.056;0.144
0.107;0.09;0.051;-0.151
0.156;-0.415;-0.01;-0.188
0.032;0.19;-0.312;-0.046
-0.298;-0.129;0.022;0.1
-0.317;0.127;-0.115;-0.21
-0.137;-0.359;-0.076;-0.054
0.134;0.183;0.01;-0.076
0.007;-0.322;-0.007;-0.193
-0.071;0.146;-0.122;0.022
-0.276;-0.178;-0.134;0.024
-0.291;0.195;-0.127;-0.073
-0.247;-0.098;-0.125;-0.054
-0.107;-0.198;0.024;-0.024
-0.103;-0.103;-0.037;-0.183
-0.469;0.068;-0.085;-0.125
-0.381;-0.105;-0.186;-0.078
-0.088;0.042;-0.137;-0.071
-0.093;-0.271;-0.063;-0.122
0.071;-0.154;-0.024;-0.095
-0.039;-0.352;-0.107;-0.208
-0.256;-0.1;-0.078;-0.076
-0.261;-0.295;-0.105;-0.21
0.066;-0.264;-0.215;-0.183
0.139;-0.315;-0.095;-0.061
0.078;-0.083;0.0;-0.044
0.0;-0.19;-0.015;-0.181
-0.251;-0.176;-0.232;-0.217
-0.183;-0.232;-0.308;-0.103
-0.176;-0.105;-0.171;-0.085
-0.132;-0.085;-0.039;-0.21
-0.029;-0.007;-0.134;-0.215
-0.349;0.039;-0.134;-0.19
-0.415;-0.063;-0.142;-0.127
-0.056;-0.083;-0.125;-0.134
0.027;-0.364;-0.059;-0.093
-0.21;-0.088;-0.039;-0.078
-0.339;0.007;-0.139;-0.193
-0.095;0.032;-0.088;0.027
-0.015;-0.132;-0.198;0.024
-0.173;-0.088;-0.051;-0.186
-0.234;-0.12;-0.051;-0.212
-0.115;-0.103;-0.015;-0.156
0.068;-0.11;-0.095;-0.088
0.059;-0.098;-0.154;-0.051
0.007;-0.315;-0.178;-0.027
0.039;-0.22;-0.195;-0.12
-0.059;-0.203;-0.076;-0.22
-0.164;0.012;-0.098;-0.037
-0.159;0.029;-0.151;-0.005
-0.193;0.164;-0.222;-0.044
-0.115;-0.117;-0.193;-0.095
0.002;-0.139;-0.085;-0.107
-0.112;-0.017;-0.056;-0.129
-0.234;-0.098;-0.093;-0.081
-0.176;-0.037;-0.208;-0.095
-0.02;-0.093;-0.125;-0.078
-0.2;-0.039;-0.061;-0.149
-0.264;-0.261;0.051;-0.105
-0.09;-0.112;-0.054;-0.149
-0.088;0.007;-0.134;-0.112
-0.178;-0.095;-0.173;-0.093
-0.149;-0.073;-0.105;-0.12
-0.078;-0.264;-0.078;-0.242
-0.005;-0.212;-0.115;-0.266
-0.056;-0.105;-0.183;-0.127
0.081;-0.11;-0.195;-0.051
-0.017;-0.144;-0.093;-0.139
-0.073;0.022;-0.1;-0.176
-0.33;-0.178;-0.024;-0.105
-0.315;-0.276;-0.12;-0.081
-0.156;-0.198;-0.178;-0.054
-0.098;-0.012;-0.2;-0.112
-0.129;0.005;-0.093;-0.159
-0.063;-0.161;-0.061;-0.195
-0.112;-0.176;-0.129;-0.139
-0.322;0.046;-0.139;-0.042
-0.442;0.083;-0.088;-0.132
-0.12;-0.203;-0.056;-0.093
0.078;-0.234;-0.09;-0.098
-0.188;-0.176;-0.051;-0.044
-0.347;-0.127;-0.159;-0.12
-0.171;-0.178;-0.088;-0.002
-0.044;-0.271;-0.105;-0.215
-0.034;-0.11;-0.005;-0.142
0.034;-0.01;-0.144;-0.125
-0.115;-0.044;-0.242;-0.078
0.063;-0.247;-0.22;0.129
0.149;-0.342;-0.088;-0.151
0.134;-0.098;0.007;-0.215
-0.315;-0.061;-0.171;0.066
-0.234;-0.056;-0.178;0.103
0.134;-0.205;-0.208;-0.295
-0.103;-0.261;0.027;-0.286
-0.33;-0.083;-0.01;-0.132
-0.422;0.007;-0.146;0.034
-0.242;-0.132;-0.273;0.005
-0.1;-0.186;-0.112;0.027
-0.095;-0.01;0.032;-0.383
-0.081;-0.002;0.144;-0.139
-0.271;-0.171;-0.173;0.034
-0.054;-0.232;-0.349;-0.176
0.134;-0.259;-0.156;-0.254
-0.029;-0.098;0.034;-0.205
-0.359;-0.2;0.027;-0.171
-0.293;-0.095;-0.166;-0.11
0.02;-0.273;-0.168;-0.071
0.002;-0.266;-0.144;-0.168
-0.239;-0.071;-0.015;-0.134
-0.256;-0.044;-0.046;-0.11
-0.115;-0.242;-0.137;-0.203
0.015;-0.232;-0.229;-0.044
-0.132;-0.002;-0.212;-0.159
-0.244;0.02;0.0;-0.09
-0.11;-0.107;-0.059;-0.076
-0.098;-0.168;-0.181;-0.173
-0.317;0.012;-0.112;-0.208
-0.337;0.107;-0.088;-0.115
-0.105;-0.071;-0.061;-0.151
-0.027;-0.217;-0.125;-0.042
-0.2;-0.144;-0.21;-0.081
-0.244;-0.195;-0.107;-0.188
-0.19;-0.208;-0.024;-0.212
-0.154;-0.31;0.002;-0.161
-0.029;-0.374;-0.171;-0.134
0.161;-0.12;-0.115;-0.049
-0.039;0.059;-0.159;-0.068
-0.063;0.112;-0.132;-0.127
0.032;-0.286;-0.103;-0.054
-0.007;-0.146;-0.056;-0.027
-0.398;-0.139;-0.154;-0.034
-0.479;-0.01;-0.19;-0.061
-0.159;-0.251;-0.134;-0.024
-0.107;-0.195;-0.051;-0.066
-0.266;0.007;-0.034;-0.164
-0.339;0.122;-0.137;-0.117
-0.154;-0.164;-0.151;-0.093
-0.049;-0.168;-0.12;-0.149
-0.2;-0.005;-0.056;-0.112
-0.251;0.017;-0.12;-0.071
-0.198;-0.117;-0.142;-0.01
0.007;-0.342;-0.093;-0.159
-0.027;-0.19;-0.034;-0.237
-0.044;-0.115;-0.129;-0.208
-0.068;-0.188;-0.144;-0.11
0.085;-0.3;-0.122;-0.22
0.012;-0.137;-0.061;-0.176
0.007;-0.044;-0.017;-0.21
-0.144;-0.056;-0.093;-0.19
-0.063;0.056;-0.225;-0.117
-0.073;-0.1;-0.237;-0.09
-0.122;-0.063;-0.122;-0.195
-0.188;-0.039;-0.015;-0.149
-0.193;-0.024;-0.09;-0.098
-0.178;-0.154;-0.115;-0.071
-0.056;-0.042;-0.176;-0.085
-0.186;-0.034;-0.088;-0.146
-0.146;-0.044;-0.09;-0.146
-0.01;-0.137;-0.022;-0.195
-0.042;-0.264;-0.105;-0.164
-0.342;-0.208;-0.134;-0.12
-0.417;-0.034;-0.154;-0.127
-0.293;-0.183;-0.063;-0.027
-0.12;-0.098;-0.066;-0.071
-0.151;-0.308;-0.125;-0.024
0.039;-0.088;-0.156;-0.083
0.112;-0.181;-0.188;-0.115
0.037;0.042;-0.171;-0.215
-0.098;-0.095;-0.144;-0.056
-0.088;-0.161;-0.205;-0.19
-0.344;-0.276;-0.234;-0.144
-0.251;0.007;-0.156;-0.063
-0.088;-0.327;-0.176;-0.122
-0.254;-0.1;-0.154;-0.098
-0.205;0.188;-0.125;-0.071
-0.334;0.137;-0.212;-0.112
-0.093;-0.154;-0.188;-0.059
0.308;-0.156;-0.115;-0.217
-0.032;-0.098;0.012;-0.332
-0.598;-0.01;-0.107;-0.171
-0.559;0.0;-0.142;0.022
-0.256;-0.374;-0.134;-0.164
-0.056;-0.261;-0.085;-0.095
-0.078;-0.212;-0.083;-0.166
0.01;0.078;-0.039;-0.078
-0.208;-0.259;-0.132;0.005
-0.056;-0.044;-0.176;-0.117
0.098;-0.129;-0.071;-0.234
-0.032;-0.09;-0.078;-0.156
-0.225;-0.161;-0.117;-0.032
-0.161;0.076;-0.281;-0.059
-0.186;-0.33;-0.244;-0.193
-0.002;-0.142;-0.132;-0.115
-0.229;-0.085;-0.015;-0.132
-0.144;-0.005;-0.071;-0.063
-0.112;-0.22;-0.166;-0.02
-0.107;0.022;-0.088;-0.146
-0.273;-0.029;-0.12;-0.232
-0.166;-0.054;-0.012;-0.129
-0.049;-0.039;-0.059;-0.081
-0.137;-0.154;-0.103;-0.183
-0.271;-0.093;-0.088;-0.117
-0.325;-0.012;-0.076;-0.061
-0.098;0.024;-0.081;-0.171
0.071;-0.249;-0.095;-0.088
0.061;-0.259;-0.161;-0.2
-0.063;0.039;-0.046;-0.078
-0.337;-0.044;-0.098;-0.078
-0.222;-0.093;-0.171;0.005
0.142;-0.225;-0.166;-0.103
-0.002;-0.122;-0.056;-0.159
-0.352;-0.093;-0.049;-0.098
-0.264;-0.049;-0.125;-0.022
-0.105;-0.049;-0.251;-0.01
-0.176;-0.374;-0.232;-0.059
-0.322;0.029;-0.137;-0.015
-0.298;-0.173;-0.015;-0.066
-0.203;-0.029;-0.037;-0.017
0.051;-0.332;-0.129;-0.281
0.032;-0.122;-0.146;-0.293
-0.254;-0.142;0.007;0.002
-0.349;0.154;-0.049;-0.02
-0.229;0.105;-0.159;-0.183
0.012;-0.308;-0.151;-0.203
0.127;-0.251;0.005;-0.259
-0.193;-0.161;-0.024;-0.269
-0.225;0.042;-0.22;0.049
-0.076;-0.212;-0.325;0.0
0.164;-0.286;-0.198;-0.2
-0.005;-0.203;0.1;-0.222
-0.156;-0.166;-0.073;-0.103
-0.203;-0.317;-0.149;-0.154
-0.076;-0.181;-0.195;-0.076
-0.134;-0.083;-0.259;-0.122
-0.237;0.107;-0.088;-0.103
-0.247;-0.002;-0.149;-0.029
-0.122;-0.122;-0.176;-0.02
-0.198;-0.278;-0.164;-0.093
-0.222;-0.146;-0.056;-0.088
-0.232;-0.115;-0.083;-0.125
-0.066;-0.015;-0.007;0.015
-0.046;-0.166;-0.168;-0.093
0.042;-0.208;-0.071;-0.139
-0.132;-0.1;-0.056;-0.139
-0.278;-0.098;-0.054;-0.078
-0.137;-0.049;-0.139;-0.056
0.039;-0.247;-0.227;-0.063
0.059;-0.312;-0.181;-0.2
-0.125;-0.125;-0.032;-0.088
-0.193;-0.081;-0.01;-0.11
-0.068;-0.173;-0.095;0.0
0.059;-0.103;-0.151;-0.134
-0.139;0.063;-0.078;-0.088
-0.168;0.068;-0.034;-0.142
-0.115;-0.01;-0.066;-0.054
-0.142;-0.181;-0.151;0.042
-0.181;-0.049;-0.125;-0.034
-0.312;0.051;-0.063;-0.056
-0.156;-0.117;-0.034;-0.168
0.071;-0.095;-0.083;-0.132
-0.012;-0.107;-0.127;-0.176
-0.164;-0.002;-0.146;-0.073
-0.132;-0.176;-0.112;-0.061
-0.01;-0.293;-0.142;0.022
0.017;-0.342;-0.12;-0.098
0.049;-0.281;-0.076;-0.215
-0.166;-0.205;-0.076;-0.247
-0.151;-0.198;-0.149;-0.227
-0.132;-0.168;-0.21;0.002
-0.002;-0.188;-0.173;-0.154
-0.105;-0.156;-0.11;-0.166
-0.027;-0.088;-0.107;-0.208
-0.051;-0.21;-0.176;-0.166
-0.139;-0.056;-0.217;-0.093
-0.088;-0.037;-0.186;-0.127
-0.073;0.051;-0.117;-0.149
-0.259;-0.051;-0.01;-0.19
-0.31;-0.098;0.012;-0.217
-0.264;-0.066;-0.044;-0.171
-0.295;-0.173;-0.127;-0.1
-0.193;-0.203;-0.029;-0.132
-0.115;-0.078;-0.078;-0.076
-0.122;0.051;-0.042;-0.081
-0.103;-0.071;-0.061;-0.125
0.01;-0.164;-0.054;-0.12
0.024;-0.232;-0.076;-0.054
0.024;-0.161;-0.137;-0.007
-0.063;-0.183;-0.176;-0.066
-0.164;-0.146;-0.137;-0.02
-0.159;-0.061;-0.076;-0.044
-0.073;-0.12;-0.039;-0.051
-0.156;-0.024;-0.127;-0.142
-0.215;-0.049;-0.166;-0.034
0.022;-0.046;-0.186;-0.161
0.034;-0.129;-0.063;-0.088
-0.159;-0.054;-0.117;-0.178
-0.312;0.1;-0.015;-0.093
-0.242;-0.051;-0.129;-0.144
-0.139;-0.073;-0.12;-0.076
-0.208;-0.156;-0.127;-0.127
-0.259;-0.056;-0.059;-0.142
-0.146;-0.146;-0.061;-0.198
-0.066;-0.146;-0.085;-0.237
-0.105;-0.288;-0.081;-0.127
-0.081;-0.085;-0.122;-0.161
-0.054;-0.186;-0.049;-0.09
-0.015;-0.085;-0.103;-0.166
0.005;-0.146;-0.088;-0.176
-0.034;-0.105;-0.142;-0.059
-0.085;-0.066;-0.215;0.024
-0.156;-0.137;-0.229;-0.032
-0.166;-0.166;-0.137;-0.095
-0.032;-0.078;-0.122;-0.117
-0.198;-0.095;-0.181;-0.085
-0.208;-0.051;-0.21;-0.103
-0.093;-0.222;-0.208;-0.098
-0.039;-0.21;-0.146;-0.11
-0.19;-0.178;-0.044;-0.11
-0.19;-0.09;-0.046;-0.146
-0.249;-0.156;-0.085;-0.054
-0.198;-0.176;-0.149;-0.103
-0.037;-0.322;0.0;-0.11
-0.159;0.012;-0.027;-0.293
-0.195;-0.251;-0.007;-0.151
-0.02;0.122;-0.093;0.012
0.095;-0.217;-0.09;-0.278
-0.105;-0.093;-0.117;-0.239
-0.242;-0.225;-0.078;0.044
-0.281;-0.01;-0.139;0.046
-0.083;-0.195;-0.178;-0.156
-0.007;-0.166;-0.146;-0.11
-0.146;-0.063;-0.071;-0.273
-0.212;0.039;-0.081;-0.039
-0.288;-0.085;-0.251;-0.02
-0.095;-0.129;-0.195;-0.085
0.027;-0.173;-0.178;-0.208
-0.022;-0.098;-0.051;-0.142
-0.261;-0.229;-0.071;-0.046
-0.361;-0.22;-0.22;-0.027
-0.19;-0.225;-0.181;0.01
-0.061;-0.134;-0.002;-0.171
-0.066;-0.037;-0.005;-0.107
-0.251;-0.122;-0.073;-0.085
-0.032;-0.251;-0.127;-0.105
-0.115;-0.21;-0.12;-0.12
-0.154;-0.208;-0.073;-0.173
0.027;-0.156;-0.083;-0.168
0.017;-0.103;-0.137;-0.098
-0.076;-0.315;-0.278;-0.156
-0.122;-0.059;-0.217;-0.176
-0.127;-0.103;-0.117;-0.034
-0.237;-0.154;-0.088;-0.193
-0.139;-0.061;-0.098;-0.098
0.129;-0.32;-0.181;-0.146
0.01;0.022;-0.134;-0.112
-0.259;-0.161;-0.164;-0.166
-0.205;-0.012;-0.188;-0.088
-0.198;-0.181;-0.049;-0.012
-0.171;-0.193;-0.125;-0.234
-0.112;-0.098;-0.051;-0.312
-0.103;-0.09;-0.105;-0.137
-0.164;-0.2;-0.054;-0.059
-0.151;-0.198;-0.117;-0.085
0.022;-0.056;-0.059;-0.046
-0.117;-0.088;-0.005;-0.251
-0.222;-0.142;0.024;-0.071
0.049;-0.112;-0.054;-0.01
-0.024;-0.127;-0.117;-0.066
-0.103;-0.1;-0.105;-0.129
-0.183;-0.273;-0.105;-0.103
-0.139;-0.269;-0.032;-0.117
-0.217;-0.193;-0.188;-0.063
-0.242;-0.024;-0.269;0.01
0.061;-0.2;-0.129;-0.059
-0.085;-0.061;-0.125;-0.049
-0.129;-0.002;-0.098;-0.159
0.024;0.027;-0.076;-0.1
-0.005;-0.154;-0.122;-0.066
-0.1;-0.11;-0.1;-0.125
-0.178;-0.022;-0.022;-0.039
-0.098;-0.142;-0.037;-0.049
-0.046;-0.19;-0.159;-0.208
-0.281;-0.056;-0.09;-0.215
-0.247;-0.085;-0.071;-0.081
-0.049;-0.107;-0.11;-0.164
0.002;-0.229;-0.081;-0.051
-0.073;-0.244;-0.117;-0.168
0.034;-0.266;-0.044;-0.178
0.076;-0.186;-0.027;-0.166
0.037;-0.066;-0.09;-0.151
0.076;-0.151;-0.076;-0.259
-0.044;-0.193;-0.115;-0.134
-0.195;-0.112;-0.149;-0.161
-0.212;0.098;-0.103;-0.059
-0.195;-0.183;-0.127;-0.059
-0.032;-0.105;-0.168;-0.173
-0.083;-0.117;-0.12;-0.117
-0.203;0.222;-0.093;-0.127
-0.234;-0.105;-0.142;-0.237
-0.139;-0.015;-0.125;-0.222
-0.046;-0.098;-0.024;-0.049
-0.227;-0.002;-0.132;-0.139
-0.198;-0.049;-0.127;-0.144
-0.115;-0.088;-0.09;-0.071
-0.105;-0.081;-0.066;-0.205
-0.181;-0.269;-0.056;-0.088
-0.159;-0.171;-0.161;-0.029
-0.103;-0.054;-0.188;-0.083
-0.085;-0.137;-0.161;-0.171
-0.037;-0.151;-0.076;-0.11
-0.027;-0.315;-0.156;-0.056
-0.056;-0.11;-0.244;-0.005
-0.107;-0.176;-0.168;-0.039
-0.068;-0.061;-0.159;-0.144
-0.134;-0.09;-0.1;0.029
-0.3;0.117;-0.176;-0.039
-0.249;-0.063;-0.144;0.063
-0.046;-0.144;-0.232;-0.066
-0.027;-0.146;-0.127;-0.159
-0.142;-0.063;-0.034;-0.205
-0.171;-0.071;0.002;-0.078
-0.076;-0.015;-0.154;-0.112
-0.154;0.171;-0.203;-0.168
-0.085;0.02;-0.085;-0.112
0.044;-0.2;-0.027;-0.137
0.007;-0.3;-0.032;-0.122
-0.068;-0.222;-0.112;-0.061
-0.1;-0.149;-0.161;-0.059
-0.051;-0.215;-0.112;-0.19
-0.137;-0.081;-0.059;-0.161
-0.078;-0.225;-0.049;-0.134
-0.054;-0.112;-0.125;-0.215
-0.005;-0.144;-0.156;-0.122
0.076;-0.029;-0.151;-0.037
-0.105;-0.085;-0.046;-0.19
-0.232;-0.156;-0.078;-0.171
-0.073;-0.066;-0.181;0.037
-0.122;-0.024;-0.2;-0.02
-0.171;-0.142;-0.076;-0.115
-0.09;-0.159;-0.02;-0.166
-0.027;-0.237;-0.09;-0.054
-0.239;-0.237;-0.117;-0.22
-0.315;-0.098;-0.093;-0.183
-0.168;-0.129;-0.144;-0.134
-0.083;-0.171;-0.134;-0.122
-0.056;-0.215;-0.098;-0.071
-0.022;-0.166;-0.134;-0.107
-0.034;-0.081;-0.193;-0.029
-0.122;-0.098;-0.103;-0.107
-0.171;-0.2;-0.093;-0.081
-0.059;-0.225;-0.151;-0.09
-0.078;-0.024;-0.215;0.022
-0.078;0.056;-0.171;0.042
-0.012;-0.22;-0.208;-0.063
-0.115;-0.188;-0.066;-0.105
-0.256;-0.042;-0.103;-0.071
-0.244;-0.027;-0.134;-0.039
-0.183;-0.139;-0.159;-0.083
-0.251;-0.11;-0.137;-0.085
-0.173;-0.132;-0.044;-0.11
-0.293;-0.237;-0.098;-0.073
-0.11;-0.127;-0.068;-0.007
-0.071;-0.161;-0.066;-0.071
-0.149;-0.237;0.034;-0.122
-0.127;-0.024;-0.044;-0.139
-0.115;-0.032;-0.137;-0.154
-0.105;-0.164;-0.137;-0.054
0.056;-0.356;-0.154;-0.151
-0.02;-0.181;0.022;-0.149
-0.222;-0.012;-0.056;-0.154
-0.288;-0.095;-0.098;-0.093
-0.134;-0.168;-0.215;-0.034
-0.034;-0.227;-0.105;0.005
-0.151;-0.02;-0.076;-0.095
-0.117;-0.132;-0.076;-0.112
-0.056;-0.105;-0.2;-0.176
-0.195;0.01;-0.269;-0.115
-0.312;-0.044;-0.125;-0.115
-0.205;-0.149;-0.042;-0.198
-0.063;-0.234;-0.115;-0.198
-0.176;-0.337;-0.198;-0.1
-0.276;-0.161;-0.166;-0.125
-0.21;-0.352;-0.161;-0.186
-0.232;-0.117;-0.061;-0.139
-0.225;0.073;-0.186;-0.181
-0.222;-0.066;-0.149;-0.051
0.024;-0.139;-0.125;-0.12
-0.002;-0.164;-0.115;-0.217
0.01;-0.088;-0.01;-0.137
0.11;-0.2;-0.176;-0.046
-0.2;-0.259;-0.154;-0.078
-0.264;-0.378;-0.159;-0.073
-0.1;-0.508;-0.137;-0.107
-0.061;-0.129;-0.112;-0.225
-0.046;0.017;-0.029;-0.007
-0.149;-0.171;-0.222;-0.154
0.007;-0.12;-0.178;-0.02
-0.212;-0.078;-0.134;-0.12
-0.164;-0.107;-0.029;-0.208
-0.149;-0.103;-0.056;-0.129
-0.139;0.012;-0.164;-0.022
-0.171;-0.081;-0.085;-0.178
-0.176;-0.205;-0.032;-0.063
-0.183;-0.081;0.024;-0.132
-0.242;-0.256;-0.046;-0.193
-0.061;-0.305;-0.144;0.002
-0.061;-0.278;-0.144;-0.051
-0.203;-0.098;-0.046;-0.144
-0.142;0.093;-0.007;-0.051
-0.007;-0.017;-0.151;-0.071
0.054;-0.11;-0.132;-0.063
-0.063;-0.168;-0.161;-0.061
-0.061;-0.071;-0.161;-0.081
-0.137;-0.127;-0.142;-0.103
-0.176;-0.063;-0.012;-0.024
-0.171;-0.034;-0.059;-0.1
-0.144;-0.024;-0.129;-0.044
-0.088;-0.22;-0.203;-0.12
-0.173;-0.229;-0.166;-0.129
-0.212;-0.049;-0.173;-0.139
-0.125;-0.012;-0.154;-0.122
-0.181;-0.063;-0.132;-0.217
-0.129;-0.083;-0.049;-0.085
-0.039;-0.002;-0.046;-0.19
0.093;-0.051;-0.051;-0.161
-0.083;-0.027;-0.1;-0.107
-0.171;0.012;-0.112;-0.161
-0.134;-0.178;-0.068;-0.1
-0.073;-0.264;-0.059;-0.125
0.027;-0.32;-0.176;-0.071
0.098;-0.105;-0.166;-0.098
0.034;-0.149;-0.156;-0.098
-0.061;-0.195;-0.093;-0.186
-0.151;-0.125;-0.105;-0.156
-0.215;-0.12;-0.173;-0.002
-0.305;-0.166;-0.244;-0.098
-0.076;-0.198;-0.156;-0.046
-0.037;-0.088;-0.132;-0.078
-0.105;-0.117;-0.083;-0.127
-0.139;-0.161;-0.059;-0.049
-0.295;-0.193;-0.093;-0.073
-0.378;-0.159;-0.051;-0.068
-0.159;-0.166;-0.098;-0.007
-0.1;-0.054;-0.051;-0.015
-0.251;-0.078;-0.054;-0.005
-0.295;-0.22;-0.176;0.005
-0.144;-0.161;-0.164;-0.112
-0.164;-0.129;-0.098;-0.049
-0.154;-0.063;-0.073;-0.122
-0.09;-0.251;-0.117;-0.078
-0.044;-0.242;-0.2;-0.205
-0.171;-0.166;-0.12;-0.176
-0.168;-0.095;-0.078;-0.195
-0.066;-0.295;-0.107;-0.044
-0.105;-0.173;-0.195;-0.146
-0.061;0.037;-0.149;-0.149
-0.049;-0.1;-0.11;-0.071
0.046;-0.198;-0.095;-0.195
-0.173;-0.083;-0.181;-0.139
-0.315;-0.181;-0.183;-0.107
-0.186;-0.134;-0.159;-0.161
-0.066;-0.037;-0.088;-0.22
-0.159;-0.039;-0.12;-0.146
-0.132;-0.215;-0.11;-0.107
-0.083;-0.288;-0.142;-0.09
-0.178;-0.115;-0.139;-0.139
-0.093;-0.059;-0.1;-0.232
-0.037;-0.039;-0.061;-0.146
-0.022;-0.142;-0.061;-0.12
0.002;-0.034;-0.161;-0.059
0.015;-0.073;-0.208;-0.068
-0.105;-0.103;-0.132;-0.093
-0.225;-0.098;-0.068;-0.134
-0.271;-0.105;-0.129;-0.127
-0.21;-0.09;-0.205;-0.042
-0.19;-0.049;-0.198;0.039
-0.195;-0.193;-0.129;-0.1
-0.203;-0.149;-0.037;-0.198
-0.176;-0.081;-0.085;-0.066
-0.386;-0.149;-0.173;-0.127
-0.271;-0.051;-0.247;-0.105
-0.171;0.027;-0.144;-0.093
-0.166;-0.085;-0.046;-0.195
-0.198;-0.144;-0.051;-0.242
-0.068;-0.127;-0.129;-0.142
0.024;-0.234;-0.215;-0.11
-0.054;-0.254;-0.161;-0.093
-0.251;-0.098;-0.112;-0.156
-0.188;-0.134;-0.066;-0.11
-0.117;-0.178;-0.139;-0.129
-0.083;-0.337;-0.085;-0.164
-0.081;-0.137;-0.137;-0.232
-0.134;-0.154;-0.044;-0.203
0.02;0.061;-0.083;-0.217
-0.068;-0.042;-0.073;-0.051
-0.11;0.122;-0.178;-0.056
-0.1;0.056;-0.139;-0.151
-0.073;0.044;-0.056;-0.159
-0.151;-0.027;-0.112;-0.11
-0.1;-0.037;-0.112;-0.159
-0.066;-0.044;-0.125;-0.085
-0.039;-0.076;-0.12;-0.166
-0.103;-0.339;-0.081;-0.171
-0.122;-0.225;-0.02;-0.056
-0.208;-0.193;-0.129;-0.083
-0.215;-0.161;-0.146;-0.095
-0.12;-0.088;-0.081;-0.071
-0.244;0.005;-0.039;-0.059
-0.264;-0.09;-0.046;-0.156
-0.115;-0.093;-0.107;-0.142
-0.068;-0.081;-0.156;-0.146
-0.098;-0.081;-0.146;-0.056
-0.244;-0.198;-0.078;-0.129
-0.203;-0.11;-0.044;-0.059
-0.103;-0.103;-0.161;-0.093
-0.071;-0.159;-0.173;-0.085
-0.015;-0.093;-0.178;-0.103
-0.002;-0.105;-0.095;-0.073
-0.161;-0.015;-0.132;-0.054
-0.237;-0.142;-0.105;-0.081
-0.159;-0.039;-0.173;-0.083
-0.129;-0.042;-0.154;-0.095
-0.105;-0.132;-0.132;-0.115
-0.027;-0.032;-0.105;-0.081
-0.154;-0.042;-0.115;-0.076
-0.066;-0.068;-0.115;-0.061
0.037;0.005;-0.081;-0.081
-0.022;-0.015;-0.034;-0.127
-0.188;0.012;-0.081;0.027
0.029;-0.244;-0.129;-0.029
0.198;-0.051;-0.122;-0.144
-0.107;-0.059;-0.09;-0.125
-0.129;-0.112;-0.022;-0.168
-0.071;-0.227;-0.122;-0.132
-0.024;-0.156;-0.159;-0.059
-0.129;-0.12;-0.173;-0.093
-0.02;-0.105;-0.056;-0.139
-0.01;-0.037;0.01;-0.103
-0.095;-0.049;-0.071;-0.186
-0.061;-0.042;-0.168;-0.107
0.051;-0.076;-0.232;-0.061
-0.027;-0.083;-0.107;-0.215
-0.09;-0.02;-0.098;-0.176
-0.156;-0.095;-0.12;-0.117
-0.161;-0.007;-0.232;-0.125
-0.076;-0.283;-0.203;-0.122
-0.034;-0.156;-0.039;-0.154
-0.137;-0.142;0.005;-0.134
-0.2;-0.115;-0.081;-0.054
-0.222;-0.154;-0.161;-0.156
-0.132;-0.081;-0.176;-0.149
-0.076;-0.183;-0.107;-0.146
0.049;-0.212;-0.012;-0.073
0.054;-0.125;-0.088;-0.164
-0.149;-0.173;-0.166;-0.095
-0.115;-0.117;-0.232;-0.103
-0.1;-0.151;-0.149;-0.071
-0.01;-0.083;-0.132;-0.073
-0.056;0.0;-0.176;-0.044
-0.046;0.01;-0.107;-0.088
-0.081;-0.154;-0.166;-0.095
-0.159;-0.205;-0.151;-0.149
-0.166;-0.208;-0.129;-0.063
-0.01;-0.054;-0.112;-0.046
-0.156;0.029;-0.115;0.007
-0.305;-0.056;-0.161;-0.151
-0.249;-0.186;-0.054;-0.125
-0.002;-0.186;-0.112;-0.222
-0.107;-0.251;-0.132;-0.088
-0.22;-0.188;-0.19;-0.061
-0.137;0.017;-0.076;-0.12
-0.095;-0.029;-0.051;-0.178
-0.176;-0.012;-0.007;-0.195
-0.059;-0.237;-0.105;-0.054
0.132;-0.295;-0.171;-0.144
0.051;-0.056;-0.049;-0.178
-0.132;-0.054;-0.034;-0.146
-0.051;-0.095;-0.042;-0.132
0.068;-0.215;-0.088;-0.112
-0.244;-0.154;-0.171;-0.068
-0.3;-0.049;-0.156;-0.11
-0.168;-0.01;-0.042;-0.095
-0.183;-0.059;-0.081;-0.164
-0.164;-0.061;-0.049;-0.144
-0.129;0.095;-0.159;-0.117
-0.225;-0.01;-0.159;-0.225
-0.146;-0.12;-0.132;-0.217
-0.156;-0.139;-0.085;-0.215
-0.071;-0.037;-0.029;-0.161
-0.044;-0.034;-0.171;-0.09
-0.049;-0.078;-0.146;-0.115
-0.051;-0.186;-0.051;-0.068
0.032;-0.027;0.039;-0.103
-0.073;-0.083;-0.073;-0.056
-0.173;-0.244;-0.2;-0.1
-0.117;-0.137;-0.264;-0.164
0.015;-0.024;-0.151;-0.159
0.02;-0.176;-0.044;-0.129
-0.137;-0.054;-0.127;-0.144
-0.149;-0.044;-0.181;-0.11
-0.146;-0.061;-0.168;0.122
-0.273;-0.012;-0.142;-0.027
-0.195;-0.076;0.002;-0.171
-0.134;-0.093;0.005;-0.242
-0.083;-0.222;-0.098;-0.09
-0.168;-0.142;-0.22;-0.144
-0.256;-0.156;-0.056;-0.159
-0.19;-0.01;0.115;0.037
-0.22;-0.066;-0.098;-0.137
-0.056;-0.164;0.051;0.183
-0.032;-0.146;-0.281;-0.256
-0.098;-0.105;0.061;0.066
-0.046;-0.115;-0.11;-0.198
0.098;-0.366;0.115;-0.198
0.007;-0.139;-0.168;0.015
-0.283;-0.054;-0.122;-0.139
-0.193;-0.078;-0.181;-0.183
-0.017;-0.198;-0.254;-0.107
-0.176;-0.149;-0.085;-0.081
-0.295;-0.054;0.146;-0.388
-0.078;-0.059;0.042;-0.039
0.085;-0.044;-0.247;-0.269
-0.125;-0.054;-0.005;0.09
-0.198;-0.125;-0.073;-0.076
-0.286;0.022;-0.085;-0.293
-0.161;-0.017;-0.049;-0.31
-0.046;-0.002;-0.166;-0.024
-0.02;-0.098;-0.168;-0.188
0.015;-0.266;-0.01;0.127
-0.173;-0.129;-0.125;0.125
-0.098;-0.127;-0.09;-0.117
0.159;-0.09;-0.029;0.037
0.093;-0.071;-0.2;0.164
-0.203;0.061;-0.234;-0.479
-0.132;-0.09;-0.032;-0.032
0.029;-0.234;-0.278;-0.569
0.085;-0.264;-0.032;-0.276
-0.039;-0.176;-0.059;-0.168
-0.073;-0.166;0.007;-0.042
0.056;-0.02;-0.312;-0.181
-0.005;-0.103;-0.183;0.137
-0.166;-0.173;-0.261;-0.3
-0.178;-0.156;-0.046;-0.066
-0.186;-0.085;-0.188;-0.012
-0.234;-0.171;-0.188;-0.269
-0.21;-0.156;-0.208;-0.229
-0.168;-0.178;-0.088;-0.032
-0.183;-0.271;-0.093;-0.183
-0.093;-0.234;-0.09;-0.168
0.002;-0.251;-0.01;-0.164
-0.173;-0.154;0.061;-0.056
-0.173;-0.122;-0.068;-0.146
-0.059;-0.107;-0.137;-0.217
-0.049;-0.171;-0.103;-0.217
-0.088;-0.217;-0.049;-0.256
-0.19;-0.183;0.027;-0.166
-0.044;0.02;-0.181;-0.256
0.0;0.105;-0.02;-0.225
-0.122;-0.208;-0.11;-0.088
-0.076;-0.103;-0.005;-0.151
0.015;-0.266;0.005;-0.002
-0.012;-0.195;-0.151;-0.251
-0.005;-0.071;-0.137;-0.195
-0.225;-0.027;-0.166;-0.066
-0.347;-0.063;-0.039;0.002
-0.3;-0.032;-0.144;-0.034
-0.112;-0.266;-0.151;-0.029
0.046;-0.317;-0.112;-0.032
0.01;0.024;0.007;-0.095
-0.134;0.051;0.039;-0.354
-0.142;0.071;-0.022;-0.308
0.015;-0.122;-0.156;-0.3
-0.146;0.02;-0.105;-0.171
-0.308;0.107;-0.183;-0.168
-0.122;-0.205;-0.044;-0.046
0.042;-0.195;-0.107;-0.088
-0.01;-0.168;-0.044;-0.071
-0.107;0.061;-0.142;0.027
-0.088;-0.132;-0.142;0.151
-0.085;-0.032;-0.278;0.073
-0.168;0.095;-0.129;0.242
-0.054;-0.005;-0.293;-0.112
-0.029;-0.181;-0.112;-0.266
-0.159;-0.146;-0.125;-0.183
-0.239;-0.21;-0.237;-0.046
-0.183;-0.024;-0.286;-0.11
-0.347;-0.12;-0.173;-0.063
-0.181;-0.115;-0.122;-0.2
-0.142;-0.151;-0.073;-0.261
-0.037;-0.012;-0.029;-0.095
-0.195;-0.022;-0.183;-0.244
-0.154;-0.168;-0.012;0.112
-0.1;-0.215;-0.137;-0.144
-0.078;-0.068;0.122;-0.239
-0.203;-0.115;-0.017;-0.229
-0.154;-0.19;-0.029;-0.09
-0.107;-0.137;-0.127;-0.254
-0.068;-0.193;0.0;-0.161
0.032;-0.193;-0.063;-0.32
-0.034;-0.12;-0.056;-0.186
-0.139;-0.151;-0.081;-0.127
-0.283;-0.12;-0.122;-0.125
-0.103;-0.017;-0.122;-0.151
-0.076;-0.19;-0.146;-0.039
-0.195;-0.269;-0.222;-0.164
-0.225;-0.022;-0.073;-0.164
-0.159;-0.283;-0.073;0.015
-0.127;-0.144;-0.151;-0.073
-0.071;-0.205;-0.056;-0.173
-0.149;-0.059;-0.049;-0.002
-0.103;-0.168;-0.142;-0.176
-0.21;-0.073;-0.173;-0.173
-0.129;-0.122;-0.129;-0.176
-0.09;-0.234;-0.132;-0.129
-0.173;-0.205;-0.173;-0.161
-0.344;-0.168;-0.059;-0.034
-0.322;-0.051;-0.037;-0.188
-0.088;-0.161;-0.024;0.0
-0.059;-0.31;-0.088;-0.044
-0.276;-0.068;-0.051;-0.061
-0.239;-0.156;-0.081;-0.188
-0.046;-0.281;-0.137;-0.059
-0.083;-0.178;-0.161;0.015
-0.178;-0.103;-0.151;0.051
-0.032;-0.068;-0.22;-0.049
0.066;-0.029;-0.105;-0.029
-0.066;0.132;-0.164;-0.044
-0.203;-0.063;-0.083;-0.007
-0.2;-0.125;-0.134;0.059
-0.19;-0.227;-0.12;-0.132
-0.291;-0.054;-0.073;-0.103
-0.256;-0.193;-0.083;-0.146
-0.168;-0.137;-0.037;-0.112
-0.149;-0.164;-0.142;-0.103
-0.12;-0.022;-0.132;-0.134
-0.054;-0.222;-0.085;-0.117
0.09;-0.168;-0.029;-0.203
-0.107;-0.083;-0.098;-0.034
-0.151;-0.044;-0.208;0.024
-0.154;-0.046;-0.234;-0.054
-0.068;-0.217;-0.129;0.01
-0.071;-0.271;-0.151;-0.078
0.034;-0.127;-0.188;-0.078
-0.217;-0.132;-0.115;-0.215
-0.186;-0.017;-0.042;-0.205
-0.195;0.002;-0.085;-0.151
0.005;0.015;-0.083;-0.166
-0.073;-0.073;-0.142;-0.205
-0.12;0.117;-0.193;-0.059
-0.33;-0.02;-0.186;-0.076
-0.244;-0.134;-0.081;0.007
-0.222;-0.137;-0.127;-0.071
-0.2;-0.117;-0.134;-0.161
-0.168;-0.264;-0.103;-0.051
-0.007;-0.083;-0.195;0.059
-0.156;-0.042;-0.115;-0.056
-0.049;-0.132;-0.107;-0.173
0.068;-0.261;-0.103;-0.034
-0.027;-0.161;-0.137;-0.242
-0.161;-0.034;-0.09;-0.173
-0.303;-0.115;-0.103;-0.315
-0.156;-0.049;-0.051;-0.149
-0.002;-0.103;-0.146;-0.063
-0.073;-0.125;-0.105;-0.049
-0.178;-0.154;-0.029;-0.107
-0.127;0.032;-0.085;-0.11
-0.098;0.015;-0.115;-0.024
-0.151;-0.112;-0.2;-0.037
-0.146;0.105;-0.083;-0.093
-0.212;-0.188;0.012;-0.095
-0.171;-0.178;0.032;-0.112
-0.107;-0.115;0.056;-0.19
-0.173;0.073;-0.017;-0.242
-0.239;-0.034;-0.085;-0.161
-0.063;-0.173;-0.117;-0.154
-0.02;-0.295;-0.098;-0.164
0.029;-0.266;-0.09;-0.112
-0.02;-0.071;-0.115;-0.042
-0.042;-0.042;-0.166;-0.083
-0.115;-0.078;-0.261;0.029
-0.208;-0.256;-0.215;-0.046
-0.234;-0.125;-0.142;-0.015
-0.063;-0.269;-0.112;-0.193
-0.017;-0.183;-0.049;-0.31
-0.063;-0.159;-0.088;-0.205
-0.134;-0.1;-0.066;-0.081
-0.081;-0.029;-0.151;-0.156
-0.171;-0.042;-0.188;-0.146
-0.071;-0.061;-0.193;-0.081
-0.081;-0.02;-0.132;-0.059
-0.215;-0.142;-0.078;0.107
-0.061;0.081;-0.056;-0.061
-0.283;-0.21;-0.146;-0.142
-0.212;-0.237;-0.134;-0.059
-0.02;-0.073;0.007;-0.208
-0.073;-0.027;-0.034;-0.286
-0.222;-0.051;-0.171;-0.254
-0.095;0.056;-0.161;-0.022
-0.061;-0.007;-0.144;-0.11
-0.178;-0.068;-0.103;-0.027
-0.1;-0.09;-0.144;-0.107
-0.149;-0.103;-0.132;-0.044
-0.125;-0.249;-0.146;-0.059
-0.044;-0.078;-0.151;-0.049
-0.115;-0.142;-0.168;-0.125
-0.273;-0.188;0.002;-0.181
-0.198;-0.151;-0.007;-0.205
-0.024;-0.061;-0.032;-0.176
-0.132;-0.161;-0.122;-0.063
-0.259;-0.051;-0.054;-0.132
-0.244;-0.056;-0.015;-0.164
-0.151;-0.21;-0.005;-0.078
-0.173;-0.276;-0.051;0.007
-0.176;-0.1;-0.151;-0.063
-0.186;0.044;-0.144;-0.12
-0.093;-0.176;-0.015;-0.134
-0.078;-0.278;0.017;-0.222
-0.095;-0.276;-0.112;-0.117
-0.139;-0.044;-0.166;-0.044
-0.166;-0.151;-0.088;-0.193
-0.078;-0.098;0.007;-0.2
0.005;-0.21;-0.107;-0.173
0.005;-0.173;-0.203;-0.188
-0.095;-0.017;-0.205;-0.139
-0.139;-0.168;-0.088;-0.081
-0.11;-0.212;-0.044;-0.103
-0.076;-0.039;-0.183;-0.049
-0.247;-0.112;-0.195;-0.056
-0.208;-0.054;-0.088;-0.117
-0.156;-0.178;-0.093;-0.107
-0.112;-0.269;-0.095;-0.134
-0.193;-0.137;-0.122;-0.156
-0.305;-0.085;-0.281;-0.063
-0.244;-0.154;-0.198;-0.264
-0.015;-0.1;0.012;-0.146
-0.012;-0.186;-0.034;-0.259
-0.085;-0.098;-0.071;-0.1
-0.188;-0.127;-0.156;-0.022
-0.134;-0.149;-0.11;-0.188
-0.12;-0.203;-0.056;-0.149
-0.09;-0.107;-0.029;-0.059
-0.129;-0.107;-0.173;-0.017
-0.115;-0.168;-0.215;-0.059
-0.085;-0.208;-0.125;-0.107
-0.193;-0.051;-0.068;-0.208
-0.137;-0.239;-0.024;-0.02
-0.171;-0.081;-0.125;-0.022
-0.154;-0.205;-0.173;-0.059
-0.127;-0.19;-0.159;-0.085
-0.134;-0.227;-0.054;-0.186
-0.203;-0.212;-0.112;-0.081
-0.186;-0.015;-0.161;0.015
-0.105;-0.105;-0.176;-0.046
-0.103;-0.222;-0.137;-0.12
-0.056;-0.2;-0.051;-0.088
-0.061;-0.183;-0.059;-0.063
-0.085;-0.305;-0.085;-0.078
-0.044;-0.3;-0.093;-0.186
0.027;-0.154;0.012;-0.305
-0.037;-0.068;-0.071;-0.293
-0.154;0.012;-0.105;-0.066
-0.095;-0.142;-0.181;-0.017
0.029;-0.171;-0.203;-0.156
-0.066;-0.134;-0.19;-0.107
-0.266;-0.007;-0.122;-0.115
-0.254;-0.139;-0.127;-0.039
-0.234;-0.261;-0.083;-0.066
-0.195;-0.171;-0.012;-0.083
-0.261;0.015;-0.142;-0.195
-0.222;0.046;-0.049;-0.164
-0.188;-0.234;-0.012;-0.125
-0.168;-0.1;-0.071;-0.259
-0.183;-0.19;-0.068;-0.225
-0.327;-0.098;-0.127;-0.234
-0.181;-0.156;-0.181;-0.195
-0.042;-0.127;-0.21;-0.063
0.012;-0.33;-0.171;-0.02
-0.11;-0.149;-0.137;-0.012
-0.188;-0.137;-0.137;-0.11
-0.198;-0.146;-0.056;-0.073
-0.144;-0.181;-0.085;-0.051
-0.076;-0.132;-0.09;-0.146
-0.017;-0.142;-0.198;-0.149
-0.117;-0.132;-0.215;-0.115
-0.142;-0.146;-0.105;-0.198
-0.056;-0.083;-0.071;-0.063
-0.232;0.051;-0.171;-0.024
-0.225;-0.024;-0.146;-0.063
-0.154;-0.051;-0.09;-0.156
-0.032;-0.159;-0.063;-0.22
-0.054;0.0;-0.132;-0.144
-0.259;-0.098;-0.205;-0.122
-0.322;-0.085;-0.178;-0.137
-0.305;-0.2;-0.105;-0.134
-0.093;0.027;-0.024;-0.171
0.051;-0.037;-0.027;-0.107
-0.017;-0.061;-0.098;-0.054
-0.005;0.039;-0.12;-0.078
-0.012;-0.227;-0.125;-0.144
0.034;-0.081;-0.159;-0.156
0.027;-0.107;-0.134;-0.09
-0.051;-0.039;-0.139;-0.081
-0.173;-0.107;-0.291;-0.112
-0.085;-0.083;-0.159;-0.039
-0.09;-0.278;-0.037;-0.183
-0.107;-0.151;-0.015;-0.081
-0.208;-0.112;-0.142;-0.034
-0.144;-0.034;-0.239;-0.11
-0.078;0.0;-0.186;-0.056
-0.078;-0.095;-0.022;-0.034
-0.081;0.0;-0.039;-0.027
-0.142;-0.132;-0.09;-0.098
-0.137;-0.049;-0.137;-0.098
-0.01;-0.227;-0.073;-0.164
-0.1;-0.017;0.042;-0.11
-0.203;0.159;-0.034;-0.278
-0.105;0.073;-0.122;-0.208
0.042;-0.139;-0.178;-0.166
0.034;-0.203;-0.078;-0.095
0.051;-0.154;-0.034;-0.032
-0.12;-0.178;-0.037;-0.125
-0.2;-0.107;-0.168;-0.112
-0.09;-0.083;-0.188;-0.127
-0.061;-0.198;-0.186;-0.017
-0.071;-0.237;-0.125;-0.198
-0.068;-0.239;-0.195;-0.137
0.002;-0.215;-0.193;-0.112
-0.125;-0.171;-0.161;-0.083
-0.125;-0.173;-0.2;-0.02
-0.291;-0.105;-0.112;-0.027
-0.271;-0.137;-0.154;-0.076
-0.217;-0.127;-0.117;-0.117
-0.176;-0.151;-0.085;-0.029
-0.176;-0.063;-0.095;-0.044
-0.222;-0.112;-0.051;-0.144
-0.146;-0.146;-0.002;-0.095
-0.09;-0.198;-0.078;-0.139
-0.078;-0.095;-0.056;-0.098
-0.044;0.037;-0.173;-0.01
-0.071;-0.044;-0.1;-0.002
-0.132;-0.137;-0.081;-0.02
-0.098;-0.178;-0.032;-0.061
-0.068;-0.164;-0.076;-0.076
-0.056;-0.129;-0.078;-0.098
-0.049;-0.117;-0.132;-0.151
-0.049;0.002;-0.146;-0.037
-0.12;-0.078;-0.081;-0.105
-0.149;-0.037;-0.081;-0.225
-0.227;-0.09;-0.117;-0.12
-0.237;-0.159;-0.085;-0.103
-0.083;-0.208;-0.054;0.027
-0.117;-0.115;-0.034;-0.02
-0.232;-0.129;-0.081;0.022
-0.195;-0.01;-0.037;-0.181
-0.134;-0.195;-0.051;-0.19
0.012;-0.081;-0.066;-0.249
0.01;-0.085;-0.107;-0.044
-0.168;0.002;-0.2;-0.098
-0.156;-0.225;-0.105;-0.188
-0.117;-0.256;-0.151;-0.251
-0.093;-0.186;-0.073;-0.188
-0.151;-0.115;-0.151;-0.112
-0.098;-0.076;-0.22;-0.081
-0.061;-0.183;-0.242;0.01
0.039;-0.127;-0.159;-0.085
-0.024;-0.039;-0.073;-0.164
-0.144;-0.093;-0.195;-0.103
-0.122;-0.134;-0.247;-0.132
0.002;0.002;-0.149;-0.039
0.049;0.054;-0.059;-0.142
-0.051;-0.029;-0.02;-0.176
-0.154;-0.127;-0.073;-0.015
-0.159;-0.1;-0.2;-0.051
-0.247;-0.015;-0.12;-0.061
-0.166;-0.198;-0.2;-0.178
-0.164;-0.093;-0.11;-0.156
-0.203;-0.225;-0.164;-0.024
-0.195;-0.183;-0.107;-0.125
-0.034;-0.251;-0.027;-0.227
-0.078;-0.122;0.105;-0.212
-0.198;-0.073;0.037;-0.103
-0.037;-0.059;-0.129;-0.029
0.076;-0.12;-0.208;-0.078
0.007;-0.103;-0.151;-0.161
-0.105;-0.149;-0.002;-0.164
-0.073;-0.232;-0.015;-0.051
-0.159;-0.181;-0.115;-0.037
-0.176;0.012;-0.239;0.015
-0.31;-0.095;-0.09;-0.105
-0.09;-0.144;-0.034;-0.159
0.0;0.017;-0.049;-0.317
-0.225;-0.09;-0.154;-0.154
-0.098;-0.071;-0.176;-0.029
-0.049;-0.264;-0.176;-0.229
-0.176;-0.378;-0.249;-0.264
-0.176;-0.303;-0.166;-0.073
-0.161;-0.215;-0.181;0.042
-0.103;-0.266;-0.166;-0.317
-0.024;-0.305;-0.229;-0.134
-0.12;-0.295;-0.225;-0.107
-0.117;-0.222;-0.1;-0.149
-0.229;-0.181;-0.234;-0.183
-0.107;-0.193;-0.305;-0.142
0.046;-0.198;-0.256;-0.19
-0.083;-0.2;-0.088;-0.166
-0.188;-0.078;-0.071;-0.156
-0.061;-0.02;-0.186;-0.2
-0.115;-0.146;-0.242;-0.139
0.0;-0.105;-0.215;-0.002
-0.024;-0.112;-0.171;-0.11
-0.142;0.042;-0.078;-0.171
-0.222;-0.146;-0.183;-0.129
-0.156;-0.044;-0.278;-0.178
-0.134;-0.166;-0.151;-0.21
-0.098;-0.164;0.037;-0.198
-0.005;-0.239;-0.02;-0.21
-0.032;-0.139;-0.098;-0.076
-0.159;-0.168;-0.059;-0.068
-0.186;-0.095;-0.044;-0.193
-0.103;-0.186;-0.022;-0.249
-0.181;-0.251;-0.049;-0.171
-0.02;-0.32;-0.093;-0.127
0.012;-0.286;-0.217;-0.022
0.002;-0.256;-0.142;-0.056
-0.076;-0.11;-0.078;-0.205
-0.098;-0.156;-0.059;-0.146
-0.132;-0.188;-0.034;-0.125
-0.095;-0.068;-0.105;-0.078
-0.051;-0.049;-0.093;-0.193
-0.017;-0.225;-0.071;-0.164
-0.005;-0.01;0.017;-0.063
-0.203;-0.098;-0.083;-0.112
-0.369;-0.134;-0.203;-0.063
-0.239;-0.139;-0.203;-0.073
-0.049;-0.032;-0.024;-0.083
-0.129;-0.122;-0.044;-0.137
-0.278;-0.11;-0.117;-0.066
-0.151;-0.024;-0.21;-0.037
-0.176;-0.183;-0.183;-0.127
-0.115;-0.171;-0.09;-0.098
-0.093;0.073;-0.122;-0.095
-0.137;-0.125;-0.12;-0.046
-0.088;-0.186;-0.176;-0.063
0.005;-0.237;-0.112;-0.054
0.012;-0.144;-0.049;-0.154
-0.195;-0.063;-0.129;0.078
-0.164;0.029;-0.222;-0.039
-0.112;0.002;-0.2;-0.034
-0.029;-0.195;-0.142;-0.151
-0.088;-0.02;-0.051;-0.178
-0.208;-0.166;-0.137;-0.063
-0.244;-0.103;-0.173;-0.02
-0.234;-0.125;-0.195;-0.115
-0.2;0.027;-0.059;-0.171
-0.115;-0.12;-0.073;-0.181
-0.029;-0.208;-0.046;-0.159
-0.024;-0.112;-0.205;-0.146
-0.024;-0.156;-0.181;-0.083
-0.093;-0.21;-0.066;-0.251
0.024;-0.12;0.076;-0.144
-0.125;-0.137;-0.054;-0.227
-0.037;-0.286;-0.093;-0.115
0.027;-0.105;-0.176;-0.068
-0.115;-0.122;-0.203;-0.049
-0.11;0.022;-0.132;-0.073
0.071;-0.195;-0.127;-0.181
0.039;-0.105;-0.068;-0.227
-0.234;0.049;-0.115;-0.083
-0.288;0.066;-0.107;-0.042
0.022;-0.181;-0.09;-0.039
0.164;-0.078;0.002;-0.098
-0.181;0.017;0.024;-0.146
-0.32;-0.02;-0.063;-0.146
-0.251;-0.056;-0.146;0.049
-0.239;-0.078;-0.173;-0.073
-0.166;0.029;-0.049;-0.103
0.02;-0.156;-0.015;-0.132
0.088;-0.12;-0.061;-0.049
-0.095;-0.059;-0.21;0.049
-0.11;-0.007;-0.21;-0.029
-0.007;-0.203;-0.188;-0.164
0.012;-0.081;-0.144;-0.09
-0.002;0.066;-0.09;-0.112
-0.056;-0.161;-0.125;-0.122
0.029;-0.205;-0.266;-0.127
-0.142;-0.09;-0.159;-0.161
-0.222;-0.234;-0.173;-0.244
-0.095;-0.391;-0.22;-0.166
-0.039;-0.22;-0.21;-0.042
-0.1;-0.115;-0.117;-0.11
-0.139;0.015;-0.098;-0.151
-0.159;0.037;-0.122;-0.159
-0.317;-0.129;-0.081;-0.051
-0.312;-0.298;-0.085;-0.125
-0.251;-0.107;-0.098;-0.222
-0.142;0.0;-0.137;-0.098
-0.103;-0.122;-0.171;-0.127
-0.144;-0.212;-0.015;-0.095
-0.112;-0.122;-0.061;-0.159
-0.059;0.002;-0.059;-0.183
0.054;-0.181;-0.134;-0.227
0.037;-0.22;-0.105;-0.12
0.037;-0.164;-0.168;-0.063
-0.071;-0.178;-0.068;-0.095
-0.205;-0.264;-0.11;-0.117
-0.352;-0.215;-0.085;-0.012
-0.308;-0.19;-0.225;-0.056
-0.063;-0.144;-0.254;-0.002
-0.022;-0.144;-0.127;-0.039
-0.129;-0.078;-0.042;-0.166
-0.112;-0.247;-0.156;-0.134
-0.19;-0.217;-0.212;-0.21
-0.212;-0.12;-0.117;-0.122
-0.22;0.081;-0.059;-0.186
-0.195;-0.151;-0.078;-0.088
-0.059;-0.217;-0.161;-0.046
-0.21;-0.22;-0.029;-0.044
-0.381;0.037;-0.088;-0.107
-0.205;0.007;-0.029;-0.046
-0.088;-0.266;-0.088;-0.149
-0.017;-0.2;-0.002;-0.024
-0.193;-0.142;-0.088;-0.078
-0.134;-0.061;-0.154;-0.215
0.01;-0.278;-0.117;-0.151
0.137;-0.144;-0.051;-0.186
-0.049;-0.063;-0.125;-0.168
-0.095;-0.015;-0.273;-0.173
-0.098;-0.032;-0.229;-0.037
-0.129;-0.195;-0.071;-0.022
-0.081;-0.188;-0.029;-0.022
-0.149;-0.098;-0.071;-0.039
-0.134;-0.066;-0.137;-0.017
-0.027;-0.09;-0.149;-0.112
-0.01;-0.161;-0.071;-0.125
0.002;-0.21;-0.11;-0.115
-0.122;0.083;-0.161;-0.034
-0.244;-0.254;-0.198;-0.054
-0.386;-0.1;-0.154;-0.134
-0.254;-0.151;-0.066;-0.054
-0.01;0.017;0.029;-0.168
0.024;-0.122;-0.039;-0.146
0.076;-0.305;-0.188;-0.225
0.034;-0.127;-0.095;-0.264
-0.115;-0.229;-0.059;-0.115
-0.078;-0.156;-0.068;-0.122
-0.02;-0.229;-0.176;-0.098
-0.095;-0.107;-0.276;-0.178
-0.083;-0.242;-0.176;-0.156
0.042;0.002;-0.063;-0.178
-0.071;0.01;-0.195;-0.161
-0.088;0.044;-0.344;-0.117
-0.037;-0.198;-0.247;-0.012
-0.09;-0.078;-0.071;-0.105
-0.396;0.02;-0.027;-0.239
-0.437;0.125;-0.085;-0.1
-0.227;-0.256;-0.115;0.042
-0.015;-0.149;-0.054;-0.098
-0.022;-0.007;-0.051;-0.063
-0.168;-0.01;-0.078;-0.088
-0.347;-0.132;-0.117;-0.129
-0.312;0.007;-0.208;-0.076
-0.007;-0.01;-0.271;-0.015
0.068;-0.039;-0.198;-0.156
-0.095;0.125;-0.154;-0.083
-0.166;0.078;-0.195;-0.112
-0.122;-0.127;-0.244;0.044
-0.02;-0.269;-0.181;-0.115
-0.081;-0.259;-0.034;-0.146
-0.083;-0.217;-0.144;-0.156
-0.1;-0.139;-0.212;-0.098
-0.105;-0.1;-0.205;-0.037
-0.024;-0.127;-0.12;0.002
-0.054;-0.149;-0.151;-0.222
-0.205;-0.007;-0.078;-0.149
-0.271;-0.002;-0.193;-0.229
-0.132;-0.1;-0.129;-0.159
0.027;-0.198;-0.149;-0.12
-0.037;-0.21;-0.054;-0.007
-0.066;-0.144;-0.049;-0.198
0.02;-0.146;-0.078;-0.154
0.005;-0.298;-0.137;-0.056
-0.01;-0.237;-0.095;-0.103
-0.115;-0.093;-0.12;-0.105
-0.129;-0.159;-0.107;-0.059
-0.01;-0.305;-0.115;0.0
0.088;-0.078;-0.059;-0.315
-0.002;-0.078;-0.193;-0.161
-0.037;-0.125;-0.132;-0.088
-0.037;-0.073;-0.156;-0.149
-0.173;0.12;-0.198;-0.073
-0.247;-0.076;-0.261;-0.186
-0.22;-0.166;-0.005;-0.159
-0.156;-0.273;0.02;-0.164
-0.12;-0.117;-0.024;-0.081
-0.208;-0.068;-0.222;0.01
-0.103;-0.278;-0.122;0.017
0.024;-0.195;-0.044;-0.11
-0.254;-0.151;0.002;-0.21
-0.256;-0.195;-0.071;-0.105
-0.093;-0.12;-0.083;-0.09
-0.049;-0.149;-0.017;-0.142
-0.151;-0.127;-0.022;-0.12
-0.278;-0.071;-0.193;-0.151
-0.105;-0.098;-0.186;0.015
-0.015;-0.21;-0.264;-0.042
-0.056;-0.222;-0.063;-0.015
0.054;-0.225;-0.059;-0.139
0.017;-0.151;-0.205;-0.049
-0.168;-0.256;-0.161;0.063
-0.205;-0.103;-0.215;-0.107
-0.134;-0.017;-0.208;-0.022
-0.061;0.085;-0.122;-0.007
-0.156;-0.066;-0.005;-0.151
-0.161;-0.217;-0.144;-0.125
-0.215;-0.146;-0.205;-0.09
-0.195;-0.242;-0.249;-0.081
-0.383;-0.083;0.015;-0.142
-0.117;-0.273;0.032;-0.31
-0.085;-0.105;-0.142;-0.107
-0.181;-0.183;-0.205;0.056
-0.2;-0.149;-0.112;-0.251
0.088;-0.283;-0.059;-0.317
-0.034;-0.149;0.024;-0.103
-0.139;-0.183;0.054;-0.181
-0.234;-0.078;-0.134;0.061
-0.066;-0.181;-0.312;-0.015
-0.002;-0.254;-0.105;-0.093
0.061;-0.242;-0.139;-0.251
-0.032;-0.127;0.017;-0.142
-0.261;0.061;-0.161;-0.12
-0.149;-0.127;-0.039;-0.002
-0.051;-0.078;-0.161;-0.21
-0.171;-0.071;-0.005;-0.039
-0.171;0.029;-0.149;0.037
-0.142;-0.181;-0.061;-0.132
-0.244;-0.21;-0.347;-0.212
-0.288;-0.098;-0.039;0.068
-0.142;-0.054;0.01;-0.405
-0.081;-0.076;0.051;-0.188
-0.063;-0.066;-0.21;0.022
-0.212;-0.264;-0.112;-0.115
-0.154;-0.134;-0.01;-0.066
-0.103;-0.171;-0.188;-0.083
-0.068;-0.186;-0.095;0.034
0.037;-0.271;-0.195;-0.142
0.02;-0.029;-0.127;-0.186
-0.059;-0.217;-0.178;-0.195
-0.024;-0.017;-0.071;-0.208
-0.02;0.017;-0.093;-0.183
-0.059;-0.149;-0.237;-0.049
-0.115;-0.183;-0.103;-0.105
-0.142;-0.046;-0.168;-0.181
-0.22;0.022;-0.078;0.002
-0.073;-0.146;-0.239;-0.017
-0.061;-0.227;-0.022;0.022
-0.161;-0.142;-0.261;-0.254
-0.242;-0.044;0.063;0.046
-0.203;-0.103;-0.151;-0.393
-0.156;-0.171;-0.308;-0.083
-0.186;-0.083;-0.156;-0.024
-0.12;0.117;0.01;-0.398
-0.112;-0.1;-0.051;-0.222
-0.09;-0.225;-0.212;0.044
-0.056;-0.188;-0.132;-0.149
-0.059;-0.063;-0.168;-0.188
-0.044;-0.149;-0.027;-0.176
-0.037;-0.183;-0.088;-0.3
-0.034;-0.225;0.146;-0.049
-0.088;-0.073;-0.259;-0.271
-0.203;-0.217;-0.139;0.115
-0.078;-0.066;-0.171;-0.159
0.051;-0.098;0.049;-0.146
-0.137;-0.112;-0.149;-0.078
-0.21;-0.034;-0.095;-0.061
-0.193;-0.027;-0.066;-0.254
-0.193;-0.244;-0.115;-0.193
-0.154;-0.181;-0.142;-0.132
-0.142;-0.134;-0.059;-0.176
-0.166;-0.129;-0.156;-0.242
-0.303;-0.183;-0.063;-0.146
-0.33;-0.176;0.0;-0.083
-0.259;-0.237;-0.242;-0.195
-0.078;-0.142;-0.083;0.002
-0.037;-0.195;-0.049;-0.237
-0.061;-0.237;0.044;-0.032
-0.039;-0.095;-0.164;-0.178
-0.02;-0.188;-0.188;-0.21
-0.107;-0.173;-0.254;-0.027
-0.215;-0.098;-0.156;-0.071
-0.098;-0.066;-0.088;-0.027
-0.132;-0.154;-0.122;-0.149
-0.063;-0.254;-0.205;-0.269
-0.12;-0.112;-0.222;-0.088
-0.19;0.02;-0.149;0.01
-0.205;0.027;-0.027;-0.11
-0.413;-0.186;-0.039;-0.132
-0.339;-0.159;-0.049;-0.129
-0.251;-0.11;-0.09;-0.112
-0.295;-0.122;-0.1;0.01
-0.142;-0.156;-0.09;-0.032
-0.132;-0.247;-0.037;-0.244
-0.046;-0.251;0.02;-0.159
-0.164;-0.142;-0.071;-0.127
-0.227;-0.132;-0.139;-0.02
0.049;-0.088;-0.164;-0.071
0.139;-0.017;-0.139;-0.149
0.105;-0.125;-0.078;-0.198
0.046;-0.31;-0.054;-0.059
-0.017;-0.339;-0.137;-0.059
-0.081;-0.161;-0.232;-0.068
-0.137;-0.107;-0.076;-0.134
-0.193;-0.142;-0.005;-0.181
-0.142;-0.015;-0.032;-0.159
-0.286;0.078;-0.2;-0.1
-0.051;-0.176;-0.229;-0.029
-0.002;-0.063;-0.22;-0.046
-0.149;-0.037;-0.024;-0.144
-0.156;-0.02;0.034;-0.151
0.017;-0.085;-0.059;-0.1
-0.156;0.01;-0.159;-0.083
-0.364;-0.132;-0.168;-0.12
-0.225;-0.146;-0.078;-0.039
-0.002;-0.107;-0.051;-0.156
-0.054;-0.066;-0.007;-0.254
-0.083;-0.19;-0.098;-0.22
-0.1;-0.122;-0.12;-0.085
-0.239;-0.183;-0.125;0.068
-0.178;-0.154;-0.095;-0.046
0.049;-0.076;-0.071;-0.151
0.044;-0.156;-0.129;-0.083
-0.222;-0.105;-0.222;-0.071
-0.332;-0.112;-0.2;-0.007
-0.103;-0.178;-0.161;-0.024
0.02;-0.112;-0.103;-0.039
-0.149;-0.112;-0.01;-0.054
-0.208;0.002;-0.061;-0.076
-0.11;-0.083;-0.144;-0.1
-0.125;-0.015;-0.151;-0.134
-0.134;-0.205;-0.051;-0.198
-0.168;-0.195;-0.027;-0.159
-0.115;-0.188;-0.078;-0.088
-0.112;-0.115;-0.061;-0.042
-0.039;-0.059;-0.073;-0.137
0.012;-0.134;-0.037;-0.144
0.059;-0.146;-0.085;-0.117
0.105;-0.217;-0.149;-0.088
0.037;-0.095;-0.2;-0.083
0.078;-0.066;-0.151;-0.217
0.061;-0.095;-0.044;-0.178
-0.002;-0.098;-0.059;-0.159
-0.02;-0.166;-0.132;-0.103
-0.139;-0.034;-0.237;-0.01
-0.154;-0.105;-0.112;-0.115
-0.139;-0.21;-0.073;-0.154
-0.032;-0.085;-0.081;-0.139
-0.159;-0.032;-0.154;-0.078
-0.203;-0.122;-0.176;-0.044
-0.042;-0.156;-0.142;-0.037
-0.107;-0.061;-0.049;-0.203
-0.227;0.037;-0.024;-0.181
-0.264;0.222;-0.117;-0.242
-0.095;-0.151;-0.117;-0.144
-0.029;-0.193;-0.173;-0.051
0.085;-0.146;-0.083;-0.11
0.044;-0.151;-0.049;-0.156
0.049;-0.203;-0.085;-0.132
-0.044;0.032;-0.11;-0.142
-0.063;-0.178;-0.161;-0.044
-0.01;-0.002;-0.134;-0.1
-0.151;-0.247;-0.1;-0.164
-0.117;-0.322;-0.078;-0.134
-0.066;-0.22;-0.098;-0.134
-0.034;-0.225;-0.159;-0.061
-0.144;-0.088;-0.117;-0.073
-0.261;0.142;-0.083;-0.076
-0.271;-0.115;-0.061;-0.078
-0.098;-0.081;-0.046;-0.066
-0.303;-0.168;-0.098;-0.051
-0.271;-0.061;-0.105;-0.142
-0.151;-0.134;-0.11;-0.154
-0.071;-0.127;-0.066;-0.178
-0.146;-0.142;-0.02;-0.122
-0.068;-0.061;-0.088;-0.144
-0.11;-0.034;-0.142;-0.11
-0.142;-0.137;-0.093;-0.183
0.0;-0.244;-0.015;-0.127
0.002;-0.178;-0.066;-0.125
-0.098;-0.139;-0.081;-0.164
-0.105;-0.134;-0.144;-0.098
0.034;-0.195;-0.081;-0.144
0.037;-0.085;-0.071;-0.2
-0.051;-0.022;-0.093;-0.081
-0.125;-0.166;-0.227;-0.081
-0.032;-0.139;-0.181;-0.076
-0.046;0.042;-0.154;-0.09
-0.127;0.022;-0.151;-0.1
-0.071;-0.078;-0.09;-0.09
-0.176;-0.066;-0.125;-0.154
-0.288;-0.039;-0.032;-0.139
-0.176;-0.166;0.02;-0.02
-0.073;-0.051;-0.027;-0.061
-0.071;-0.212;-0.095;-0.078
-0.056;-0.181;-0.098;-0.139
-0.078;-0.034;-0.002;-0.149
0.022;-0.176;0.068;-0.166
-0.071;-0.144;0.015;-0.168
0.076;-0.027;-0.066;-0.161
-0.007;-0.032;-0.149;-0.039
-0.12;-0.247;-0.171;-0.029
-0.12;-0.085;-0.112;0.037
0.015;-0.083;-0.122;-0.159
-0.007;-0.127;-0.093;-0.061
-0.078;-0.188;-0.19;-0.083
-0.088;-0.046;-0.12;-0.103
-0.066;-0.042;-0.103;-0.166
-0.039;-0.061;-0.112;-0.137
0.022;-0.161;-0.254;-0.068
-0.1;0.042;-0.227;-0.083
-0.063;-0.059;-0.083;-0.051
-0.146;-0.139;-0.066;-0.132
-0.176;0.002;-0.11;-0.073
-0.286;0.015;-0.073;-0.071
-0.217;-0.3;-0.037;-0.117
-0.222;-0.205;0.015;-0.129
-0.098;-0.103;-0.044;-0.142
-0.039;-0.132;-0.107;-0.134
0.076;-0.217;-0.203;-0.105
0.076;-0.139;-0.176;-0.09
-0.112;-0.037;-0.098;-0.188
-0.088;-0.037;-0.073;-0.095
-0.078;-0.315;-0.205;-0.139
-0.042;-0.291;-0.227;-0.142
-0.149;0.002;-0.142;-0.21
-0.188;0.02;-0.071;-0.237
-0.237;-0.095;-0.105;-0.142
-0.276;-0.051;-0.115;-0.112
-0.146;-0.063;-0.144;-0.134
-0.063;-0.21;-0.093;-0.134
-0.054;-0.203;-0.024;-0.12
-0.208;0.005;-0.024;-0.098
-0.1;0.015;-0.005;-0.144
-0.181;0.012;-0.081;-0.161
-0.229;-0.029;-0.098;-0.129
-0.215;-0.076;-0.042;-0.117
-0.005;-0.088;-0.044;-0.198
-0.054;-0.247;-0.09;-0.159
-0.015;-0.156;-0.056;-0.115
-0.01;-0.146;-0.105;-0.107
-0.032;-0.176;-0.088;-0.127
0.051;-0.085;-0.095;-0.046
0.002;-0.039;-0.071;-0.044
-0.11;-0.088;-0.188;0.039
-0.166;-0.149;-0.21;0.017
-0.115;-0.063;-0.171;-0.032
-0.129;-0.068;-0.159;-0.078
-0.066;-0.166;-0.095;-0.056
-0.073;-0.146;-0.164;-0.132
-0.208;-0.122;-0.154;-0.105
-0.264;0.049;-0.039;-0.173
-0.291;-0.024;-0.022;-0.176
-0.188;-0.039;-0.081;-0.093
-0.154;-0.054;-0.183;-0.132
-0.134;-0.078;-0.095;-0.242
-0.181;-0.215;-0.066;-0.103
-0.085;-0.049;-0.039;-0.032
0.002;-0.076;-0.073;-0.054
0.051;-0.212;-0.132;-0.11
0.024;-0.208;-0.132;-0.2
-0.156;-0.31;-0.024;-0.193
-0.115;-0.266;-0.073;-0.181
-0.005;-0.232;-0.078;-0.112
-0.015;-0.1;-0.122;-0.056
-0.266;0.032;-0.122;-0.085
-0.21;-0.09;-0.134;-0.164
-0.071;-0.166;-0.139;-0.083
0.054;-0.237;-0.12;-0.063
-0.105;-0.115;-0.144;-0.076
-0.33;0.046;-0.193;-0.078
-0.327;0.017;-0.063;-0.081
-0.293;-0.237;-0.022;-0.049
-0.193;-0.107;-0.027;-0.112
-0.144;-0.125;-0.095;-0.073
0.007;-0.198;-0.081;-0.044
-0.022;-0.178;-0.027;-0.093
-0.132;-0.149;-0.012;-0.183
-0.11;-0.007;-0.005;-0.037
-0.134;-0.088;-0.081;-0.059
-0.164;-0.049;-0.088;-0.12
-0.107;-0.034;-0.164;-0.125
-0.139;-0.112;-0.107;-0.171
-0.071;-0.1;-0.144;-0.105
-0.159;-0.051;-0.137;-0.039
-0.068;-0.088;-0.142;-0.054
-0.107;-0.027;-0.144;-0.039
-0.081;-0.11;-0.142;0.063
-0.144;-0.002;-0.093;0.073
-0.186;-0.073;-0.081;-0.103
-0.266;-0.029;-0.129;-0.122
-0.264;-0.093;-0.134;-0.122
-0.193;-0.027;-0.098;-0.129
-0.183;-0.093;-0.125;-0.093
-0.115;-0.112;-0.21;-0.085
-0.193;-0.081;-0.176;-0.176
-0.349;-0.276;-0.225;-0.195
-0.168;-0.078;-0.161;-0.164
-0.029;-0.12;-0.088;-0.166
-0.244;-0.076;-0.073;-0.1
-0.217;-0.129;-0.134;-0.078
-0.078;-0.12;-0.149;-0.132
-0.078;-0.164;-0.198;-0.095
-0.063;-0.181;-0.168;-0.144
0.02;-0.105;-0.181;-0.19
-0.12;-0.034;-0.229;-0.12
-0.222;-0.125;-0.181;-0.083
-0.112;-0.105;-0.156;-0.1
-0.061;-0.164;-0.071;-0.103
-0.181;-0.359;-0.122;-0.09
-0.178;-0.168;-0.09;-0.042
-0.146;-0.027;-0.139;-0.115
-0.225;-0.068;-0.142;-0.085
-0.188;0.039;-0.139;-0.093
-0.298;-0.281;-0.117;-0.032
-0.149;-0.21;-0.076;-0.122
-0.105;-0.12;-0.049;-0.117
-0.132;-0.093;-0.093;-0.1
-0.154;-0.076;-0.098;-0.156
-0.217;-0.068;-0.117;-0.164
-0.203;-0.09;-0.1;-0.159
-0.088;-0.125;-0.122;-0.093
-0.083;-0.217;-0.134;-0.112
-0.11;-0.176;-0.171;-0.137
-0.015;0.017;-0.129;-0.127
-0.127;-0.2;-0.073;-0.146
-0.151;-0.249;-0.049;-0.132
-0.181;-0.115;-0.129;-0.083
-0.181;-0.081;-0.115;-0.054
-0.134;-0.039;-0.144;-0.168
-0.137;-0.217;-0.076;-0.137
-0.093;-0.171;-0.122;-0.063
-0.256;-0.071;-0.137;-0.042
-0.237;-0.002;-0.186;-0.122
-0.154;-0.076;-0.1;-0.095
-0.103;-0.098;-0.056;-0.176
-0.261;-0.129;-0.093;-0.137
-0.183;-0.168;-0.129;-0.117
-0.081;-0.227;-0.156;-0.059
-0.161;-0.146;-0.117;-0.132
-0.161;-0.181;-0.093;-0.125
-0.061;-0.037;-0.151;-0.056
-0.02;-0.181;-0.127;-0.081
-0.042;-0.188;-0.183;-0.095
-0.159;-0.093;-0.156;-0.19
-0.11;-0.095;-0.139;-0.139
-0.112;-0.225;-0.032;-0.076
-0.044;-0.085;-0.11;-0.193
-0.222;-0.005;-0.139;-0.166
-0.234;0.037;-0.208;0.017
-0.278;-0.178;-0.171;0.027
-0.264;-0.227;-0.168;-0.068
-0.171;-0.083;-0.151;-0.117
-0.261;-0.127;-0.168;-0.146
-0.244;0.007;-0.127;-0.095
-0.181;-0.103;-0.115;-0.093
0.039;-0.09;-0.156;-0.085
-0.059;-0.037;-0.09;-0.076
-0.127;-0.071;-0.093;-0.012
-0.105;-0.107;-0.049;-0.2
-0.127;-0.261;-0.125;-0.1
0.066;-0.09;-0.078;-0.083
0.09;0.01;-0.046;-0.1
-0.146;-0.061;-0.117;-0.098
0.012;-0.066;-0.144;-0.122
-0.002;-0.081;-0.098;-0.188
-0.095;-0.159;-0.046;-0.137
-0.137;0.046;-0.134;-0.027
-0.168;-0.01;-0.107;-0.039
-0.132;-0.127;-0.134;-0.088
-0.061;-0.09;-0.083;-0.127
-0.061;-0.007;-0.066;-0.244
-0.129;-0.088;-0.02;-0.151
-0.317;-0.071;-0.11;-0.044
-0.396;-0.046;-0.168;-0.112
-0.225;-0.115;-0.073;-0.186
-0.171;-0.164;0.005;-0.1
-0.095;-0.198;-0.1;-0.042
-0.129;-0.312;-0.291;-0.017
-0.19;-0.247;-0.222;-0.029
-0.168;-0.125;-0.107;-0.122
-0.203;-0.217;-0.078;-0.085
-0.012;-0.22;-0.229;-0.068
0.183;-0.198;-0.215;-0.11
0.088;-0.095;-0.125;-0.261
-0.081;-0.229;-0.122;-0.146
-0.222;-0.156;-0.09;-0.027
-0.2;-0.117;-0.159;-0.044
-0.151;-0.061;-0.168;-0.127
-0.232;-0.159;-0.151;-0.083
-0.254;-0.037;-0.059;-0.132
-0.31;-0.098;-0.098;-0.078
-0.149;-0.22;-0.19;-0.061
-0.005;-0.098;-0.139;-0.049
-0.088;-0.034;-0.029;-0.146
-0.259;-0.049;-0.029;-0.183
-0.164;-0.007;-0.125;-0.149
-0.144;-0.117;-0.107;-0.139
-0.073;-0.159;-0.129;-0.217
-0.12;-0.222;-0.093;-0.176
-0.115;-0.251;-0.115;0.015
-0.1;-0.178;-0.142;-0.076
-0.085;-0.198;-0.139;-0.059
-0.12;-0.166;-0.19;-0.022
-0.181;-0.093;-0.1;-0.029
-0.139;-0.066;-0.146;-0.146
-0.073;-0.11;-0.146;-0.103
-0.139;-0.073;-0.183;-0.095
-0.186;-0.024;-0.125;-0.125
-0.303;-0.005;-0.105;-0.115
-0.374;-0.007;-0.056;-0.161
-0.247;0.071;-0.078;-0.127
-0.088;-0.012;-0.125;-0.063
-0.269;0.029;-0.144;-0.105
-0.134;-0.251;-0.056;-0.007
-0.11;-0.098;-0.017;-0.01
-0.11;-0.081;-0.073;-0.017
-0.125;-0.015;-0.112;-0.056
-0.142;-0.195;-0.085;-0.122
0.032;-0.259;-0.076;-0.1
0.066;-0.151;-0.122;-0.112
0.068;-0.205;-0.127;-0.149
0.029;-0.276;-0.095;-0.247
-0.02;-0.19;-0.059;-0.166
-0.005;0.024;-0.12;-0.095
-0.112;0.024;-0.166;-0.081
-0.12;-0.063;-0.139;-0.029
-0.071;-0.085;-0.251;-0.068
-0.017;-0.005;-0.129;-0.117
-0.112;0.054;-0.1;-0.122
-0.32;-0.054;-0.11;-0.181
-0.322;-0.042;-0.139;-0.02
-0.159;-0.132;-0.244;-0.049
-0.093;-0.156;-0.081;-0.164
-0.095;-0.171;-0.032;-0.088
-0.166;-0.156;-0.054;-0.044
-0.188;-0.156;-0.107;-0.11
-0.115;-0.31;-0.159;-0.171
-0.034;-0.142;-0.154;-0.195
-0.046;-0.154;-0.1;-0.12
-0.037;-0.276;-0.127;-0.051
0.024;-0.239;-0.159;-0.107
-0.054;-0.144;-0.168;-0.161
-0.117;-0.166;-0.117;-0.171
-0.012;-0.154;-0.039;-0.034
-0.034;-0.198;-0.12;-0.059
-0.12;-0.112;-0.159;-0.115
-0.217;-0.068;-0.205;-0.137
-0.188;-0.088;-0.142;-0.095
-0.227;-0.078;-0.098;-0.059
-0.31;-0.076;-0.122;-0.061
-0.464;-0.012;-0.154;-0.071
-0.312;-0.022;-0.12;-0.176
-0.21;-0.115;-0.068;-0.168
-0.166;-0.234;-0.063;-0.142
-0.112;-0.22;-0.056;-0.125
-0.178;-0.156;-0.085;-0.12
-0.22;-0.193;-0.088;-0.178
-0.024;-0.212;-0.117;-0.171
0.132;-0.188;-0.085;-0.129
0.049;-0.083;-0.139;-0.149
-0.059;-0.105;-0.139;-0.149
-0.088;-0.269;-0.112;-0.081
-0.066;-0.178;-0.195;-0.076
-0.12;-0.049;-0.161;-0.1
-0.083;-0.105;-0.144;-0.139
-0.1;-0.078;-0.115;-0.146
-0.164;-0.029;-0.173;-0.156
-0.173;-0.015;-0.117;-0.051
-0.002;-0.132;-0.125;-0.122
-0.142;-0.12;-0.166;-0.242
-0.22;-0.007;-0.159;-0.188
-0.127;0.0;-0.125;-0.142
0.049;-0.073;-0.09;-0.134
0.02;-0.01;-0.117;-0.107
-0.139;-0.02;-0.049;-0.159
-0.098;-0.11;-0.061;-0.146
0.044;-0.266;-0.11;-0.129
0.056;-0.232;-0.095;-0.122
-0.125;-0.266;-0.098;-0.132
0.01;-0.198;-0.071;-0.12
-0.083;-0.222;-0.122;-0.171
-0.168;-0.188;-0.156;-0.151
-0.061;-0.076;-0.181;-0.027
0.024;-0.061;-0.127;-0.122
0.01;-0.178;-0.098;-0.188
-0.134;-0.002;-0.034;-0.103
-0.132;0.11;-0.105;-0.042
-0.271;-0.081;-0.117;0.042
-0.378;-0.088;-0.129;-0.083
-0.166;-0.024;-0.044;-0.142
-0.007;-0.068;-0.068;-0.088
-0.078;-0.095;-0.083;-0.122
-0.21;-0.195;-0.127;-0.149
-0.215;-0.061;-0.042;-0.181
-0.11;-0.144;0.081;-0.166
-0.159;-0.276;0.022;-0.237
-0.156;-0.103;-0.051;-0.105
0.015;-0.2;-0.095;-0.037
-0.071;-0.139;-0.122;-0.078
-0.029;-0.295;-0.125;-0.21
0.046;-0.22;-0.098;-0.107
-0.01;-0.308;-0.1;-0.122
0.007;-0.142;-0.134;-0.156
0.044;-0.234;-0.117;-0.234
0.02;-0.081;-0.073;-0.242
-0.037;-0.081;-0.063;-0.208
-0.195;-0.022;-0.129;-0.032
-0.112;-0.134;-0.122;-0.01
-0.032;-0.232;-0.11;-0.21
0.098;-0.203;-0.068;-0.193
-0.071;-0.146;-0.107;-0.066
-0.356;-0.144;-0.134;-0.02
-0.427;-0.049;-0.09;-0.129
-0.19;-0.195;-0.056;-0.178
-0.044;-0.139;-0.002;-0.127
0.09;-0.217;-0.032;-0.071
-0.017;-0.132;-0.083;-0.122
-0.139;-0.19;-0.11;-0.2
-0.046;-0.2;-0.117;-0.144
-0.073;-0.107;-0.083;-0.103
0.02;-0.176;-0.139;-0.063
-0.161;-0.139;-0.103;-0.088
-0.281;-0.137;-0.127;-0.173
-0.159;-0.134;-0.09;-0.127
-0.049;-0.232;-0.098;-0.071
-0.103;-0.173;-0.051;-0.059
-0.22;-0.083;-0.098;-0.125
-0.266;0.071;-0.095;-0.164
-0.283;-0.027;-0.095;-0.112
-0.154;-0.071;-0.1;0.039
-0.029;-0.134;-0.142;-0.066
-0.037;-0.09;-0.11;-0.103
-0.159;-0.137;-0.137;-0.037
-0.229;-0.12;-0.068;-0.1
-0.242;0.007;-0.071;-0.032
-0.166;-0.02;-0.127;-0.095
-0.098;-0.173;-0.051;-0.156
-0.024;-0.112;-0.046;-0.181
-0.078;0.007;0.032;-0.115
-0.142;0.037;-0.081;-0.212
-0.149;-0.151;-0.093;-0.178
-0.139;-0.037;-0.095;-0.212
-0.039;-0.051;-0.127;-0.063
-0.051;-0.002;-0.129;-0.042
0.007;-0.125;-0.117;-0.115
-0.002;-0.115;-0.088;-0.129
0.046;-0.076;-0.176;-0.051
-0.034;-0.149;-0.178;-0.068
-0.076;-0.054;-0.171;-0.171
-0.266;-0.066;-0.081;-0.134
-0.244;-0.02;-0.046;-0.22
-0.159;-0.039;-0.054;-0.156
-0.193;-0.127;-0.22;-0.105
-0.117;-0.156;-0.183;-0.076
-0.107;-0.171;-0.061;-0.146
-0.195;-0.122;-0.027;-0.176
-0.237;-0.107;-0.078;-0.051
-0.137;-0.002;-0.2;0.056
-0.107;-0.21;-0.159;-0.042
0.002;-0.039;-0.049;-0.222
-0.061;-0.088;-0.039;-0.117
-0.02;-0.227;-0.007;-0.12
0.02;-0.281;-0.139;-0.037
-0.063;-0.034;-0.205;-0.117
-0.19;0.027;-0.083;-0.156
-0.071;-0.173;-0.088;-0.144
0.161;-0.176;-0.186;-0.044
0.017;-0.205;-0.247;-0.034
-0.237;-0.247;-0.171;-0.078
-0.027;-0.217;-0.139;-0.229
-0.039;-0.276;-0.095;-0.151
-0.22;0.02;-0.149;0.032
-0.486;-0.042;-0.222;-0.107
-0.288;-0.117;-0.212;-0.208
-0.122;-0.168;-0.098;-0.193
-0.264;-0.31;-0.068;-0.156
-0.1;-0.247;-0.051;-0.076
-0.002;-0.171;-0.149;-0.144
-0.312;-0.139;-0.139;-0.212
-0.371;-0.349;-0.115;-0.154
-0.215;-0.334;-0.061;-0.144
-0.234;-0.229;-0.063;-0.217
-0.159;-0.137;-0.107;-0.139
-0.046;-0.273;-0.154;-0.122
0.1;0.022;-0.129;-0.042
-0.203;-0.181;-0.046;-0.132
-0.164;-0.051;-0.076;-0.212
0.005;-0.195;-0.203;-0.283
-0.095;-0.1;-0.234;-0.066
-0.144;0.012;-0.212;-0.132
-0.125;-0.117;-0.2;-0.298
-0.098;0.012;-0.095;-0.217
-0.352;-0.232;-0.132;-0.081
-0.259;-0.183;-0.195;-0.168
-0.054;-0.271;-0.217;-0.146
-0.142;0.166;-0.22;-0.051
-0.164;0.188;-0.229;-0.156
-0.098;0.046;-0.149;-0.173
0.007;-0.142;-0.078;-0.081
0.015;-0.039;-0.159;-0.195
-0.066;0.012;-0.176;-0.115
-0.005;-0.115;-0.168;-0.178
-0.073;-0.071;-0.134;-0.176
-0.117;0.002;-0.166;-0.21
-0.093;-0.095;-0.139;-0.129
0.071;-0.244;-0.122;-0.186
-0.029;-0.356;-0.137;-0.132
-0.186;-0.161;-0.137;-0.044
-0.137;-0.056;-0.078;0.022
-0.066;-0.115;-0.146;-0.088
0.012;-0.146;-0.076;-0.127
0.0;0.017;-0.134;-0.095
-0.127;-0.1;-0.056;-0.105
-0.281;-0.142;-0.12;-0.076
-0.139;-0.127;-0.105;-0.085
-0.242;-0.098;-0.12;-0.129
-0.127;-0.127;-0.012;-0.085
-0.051;-0.012;-0.056;-0.066
-0.017;-0.012;-0.151;-0.151
-0.115;-0.154;-0.068;-0.11
-0.171;-0.264;-0.037;-0.095
-0.146;-0.195;-0.046;-0.195
-0.271;-0.208;-0.085;-0.068
-0.261;-0.205;-0.088;0.017
0.005;-0.156;-0.088;-0.078
-0.029;-0.085;-0.103;-0.063
0.034;-0.227;-0.115;-0.173
-0.037;-0.361;-0.078;-0.156
-0.09;-0.32;-0.105;-0.105
-0.278;-0.034;-0.142;-0.085
-0.227;0.005;-0.125;-0.073
-0.01;0.005;-0.081;-0.056
-0.007;-0.042;-0.032;-0.071
-0.117;-0.1;-0.11;-0.071
-0.239;-0.103;-0.149;-0.107
-0.227;-0.103;-0.112;-0.09
-0.215;-0.095;-0.032;-0.151
-0.176;-0.107;-0.071;-0.193
-0.066;-0.195;-0.139;-0.144
-0.132;-0.159;-0.188;-0.039
-0.166;-0.164;-0.176;-0.063
0.002;-0.188;-0.142;-0.146
0.22;-0.405;-0.156;-0.137
0.117;-0.107;-0.166;-0.071
-0.078;0.015;-0.173;-0.139
-0.11;-0.215;-0.137;-0.132
-0.115;-0.151;-0.146;-0.181
-0.12;-0.088;-0.054;-0.134
0.083;-0.01;-0.112;-0.059
-0.024;-0.151;-0.183;-0.159
-0.2;-0.171;-0.166;-0.134
-0.281;-0.251;-0.171;-0.164
-0.239;-0.217;-0.144;-0.129
-0.129;-0.227;-0.21;-0.166
-0.059;-0.127;-0.095;-0.073
-0.181;-0.063;-0.149;-0.132
-0.242;0.044;-0.11;-0.078
-0.315;0.039;-0.093;-0.078
-0.261;-0.117;-0.061;-0.19
-0.171;-0.195;-0.12;-0.237
-0.149;-0.081;-0.122;-0.183
-0.195;-0.171;-0.105;-0.085
-0.024;-0.237;-0.085;-0.095
0.002;-0.217;-0.132;-0.176
-0.037;-0.034;-0.178;-0.239
-0.308;-0.051;-0.11;-0.127
-0.222;-0.085;-0.088;-0.076
-0.19;-0.3;-0.09;-0.037
-0.081;-0.151;-0.156;-0.088
-0.137;-0.044;-0.19;-0.103
-0.139;-0.076;-0.085;-0.117
-0.176;-0.232;-0.083;-0.127
-0.178;0.039;-0.115;-0.203
-0.288;-0.107;-0.103;-0.127
-0.193;-0.237;-0.066;-0.132
-0.217;-0.215;-0.127;-0.127
-0.3;-0.115;-0.142;-0.032
-0.188;-0.188;-0.117;-0.005
0.054;-0.212;-0.144;-0.093
-0.002;-0.078;-0.085;-0.073
-0.076;-0.012;-0.125;-0.149
-0.159;-0.129;-0.134;-0.149
-0.127;-0.183;-0.232;-0.039
-0.073;-0.205;-0.173;-0.037
-0.291;-0.02;-0.085;-0.139
-0.349;0.002;-0.017;-0.149
-0.01;-0.007;-0.122;-0.1
-0.024;-0.044;-0.269;-0.017
-0.122;-0.227;-0.273;0.007
-0.176;-0.076;-0.151;-0.017
0.076;-0.032;-0.1;-0.027
-0.085;-0.095;-0.212;-0.11
-0.139;-0.002;-0.232;-0.083
-0.205;0.134;-0.242;-0.146
-0.32;-0.024;-0.137;-0.208
-0.227;-0.039;-0.115;-0.21
-0.154;-0.073;-0.093;-0.117
-0.12;-0.132;-0.164;-0.156
-0.125;-0.149;-0.112;-0.19
-0.249;-0.195;-0.156;-0.264
-0.215;-0.2;-0.085;-0.176
-0.024;-0.225;0.029;-0.098
0.059;0.049;-0.032;-0.098
0.032;-0.022;-0.11;0.002
0.0;-0.032;-0.198;-0.117
0.054;-0.156;-0.112;-0.212
-0.042;-0.156;-0.088;-0.205
-0.227;-0.105;-0.063;-0.11
-0.149;-0.061;-0.132;-0.156
-0.161;0.015;-0.2;-0.098
-0.156;-0.007;-0.171;-0.085
-0.017;0.063;-0.12;-0.154
-0.066;0.029;-0.107;-0.173
-0.139;-0.049;-0.176;-0.137
-0.225;-0.078;-0.186;-0.127
-0.176;-0.12;-0.178;-0.171
-0.364;-0.039;-0.083;-0.083
-0.249;-0.193;-0.066;-0.178
-0.134;-0.032;-0.076;-0.173
-0.247;-0.085;-0.142;-0.144
-0.205;-0.039;-0.156;-0.093
-0.183;-0.051;-0.12;-0.105
-0.105;-0.134;-0.081;-0.11
-0.046;-0.046;-0.078;-0.093
-0.017;-0.115;-0.11;-0.054
0.042;-0.173;-0.11;-0.039
-0.161;-0.139;-0.129;-0.078
-0.144;-0.073;-0.171;-0.085
-0.09;-0.176;-0.142;-0.098
-0.144;-0.144;-0.144;-0.002
-0.178;0.085;-0.144;-0.044
-0.146;-0.046;-0.168;-0.112
-0.093;-0.105;-0.12;-0.173
-0.122;-0.161;-0.115;-0.173
-0.237;-0.083;-0.164;-0.098
-0.166;-0.027;-0.09;-0.029
-0.195;-0.146;-0.073;-0.127
-0.044;-0.198;-0.063;-0.129
0.0;-0.107;-0.083;-0.09
-0.193;-0.149;-0.095;-0.09
-0.149;-0.242;-0.161;-0.095
-0.005;-0.273;-0.125;-0.149
-0.049;-0.149;-0.083;-0.186
-0.168;-0.11;-0.059;-0.149
-0.017;-0.066;-0.073;-0.073
0.051;-0.266;-0.149;-0.1
0.066;-0.2;-0.095;-0.137
-0.01;-0.134;0.015;-0.208
-0.117;-0.291;-0.015;-0.103
-0.164;-0.076;-0.105;-0.066
-0.273;0.027;-0.2;-0.178
-0.085;0.027;-0.139;-0.151
0.061;-0.159;-0.051;-0.024
-0.203;-0.051;-0.083;-0.02
-0.356;0.027;-0.168;-0.083
-0.237;0.054;-0.173;-0.117
-0.173;-0.005;-0.088;-0.134
-0.117;0.032;0.012;-0.122
-0.151;-0.032;-0.093;-0.027
-0.105;-0.244;-0.186;-0.088
-0.203;-0.066;-0.2;-0.032
-0.208;-0.159;-0.117;-0.063
0.015;-0.356;-0.034;-0.149
0.1;-0.095;-0.071;-0.095
-0.161;-0.017;-0.186;-0.063
-0.085;-0.059;-0.215;0.007
-0.017;-0.09;-0.127;-0.12
0.024;-0.1;-0.063;-0.142
0.093;-0.044;-0.037;-0.103
0.044;0.112;-0.112;-0.164
-0.181;-0.142;-0.154;-0.195
-0.347;-0.208;-0.193;-0.188
-0.188;-0.112;-0.085;-0.056
-0.076;-0.002;-0.144;0.002
-0.19;-0.054;-0.178;0.042
-0.237;-0.032;-0.2;-0.283
-0.022;-0.059;0.076;-0.222
-0.159;-0.112;-0.073;-0.103
-0.149;-0.061;-0.2;-0.103
-0.2;-0.149;-0.159;-0.051
-0.027;-0.137;-0.125;-0.105
-0.076;-0.312;0.046;-0.171
-0.171;-0.21;0.002;-0.146
-0.066;-0.178;-0.059;0.081
0.112;-0.115;-0.322;-0.056
0.007;-0.198;-0.249;-0.039
-0.142;-0.029;-0.117;-0.186
-0.181;-0.054;0.166;-0.291
-0.122;-0.049;-0.012;0.037
-0.132;0.056;-0.134;-0.107
-0.164;-0.024;-0.393;0.02
-0.205;-0.166;-0.325;-0.193
-0.134;-0.139;0.149;-0.176
-0.225;-0.212;0.061;-0.322
-0.332;-0.059;-0.2;-0.1
-0.237;-0.027;-0.261;-0.315
-0.232;0.076;0.215;0.261
-0.088;-0.078;-0.168;-0.437
0.103;-0.21;-0.029;0.247
0.098;-0.171;-0.378;0.166
-0.1;-0.027;0.029;-0.1
-0.029;-0.281;-0.037;-0.261
0.076;-0.093;0.029;0.073
-0.044;-0.09;-0.334;-0.396
-0.195;-0.061;-0.037;-0.129
0.078;-0.1;-0.173;-0.098
0.002;-0.142;0.022;-0.4
-0.088;-0.146;-0.02;0.112
-0.081;-0.212;-0.308;-0.122
-0.078;0.056;-0.056;0.151
-0.239;-0.071;-0.291;-0.176
-0.244;-0.159;0.095;-0.127
-0.134;-0.083;-0.195;-0.166
-0.105;0.171;-0.088;0.112
-0.237;0.081;-0.312;-0.249
-0.112;0.034;0.027;-0.027
-0.015;-0.266;-0.159;-0.369
-0.164;-0.139;0.0;-0.308
-0.188;-0.063;-0.129;0.002
-0.073;-0.002;-0.227;0.09
-0.015;-0.154;-0.242;-0.11
-0.186;-0.195;-0.078;0.059
-0.139;-0.046;-0.161;-0.11
-0.073;-0.173;-0.107;-0.005
-0.005;-0.317;-0.193;-0.066
0.022;-0.291;-0.21;-0.396
-0.005;-0.217;-0.195;-0.178
-0.029;-0.063;-0.132;0.212
-0.046;-0.015;-0.322;-0.032
-0.188;-0.054;-0.156;-0.005
-0.098;-0.21;-0.125;-0.027
-0.215;-0.1;-0.027;-0.205
-0.4;-0.139;-0.11;0.076
-0.347;-0.107;-0.193;-0.125
-0.164;-0.227;-0.088;-0.281
-0.09;-0.269;-0.046;-0.222
-0.208;-0.247;0.051;-0.078
-0.19;-0.215;-0.105;-0.168
-0.244;-0.125;-0.037;-0.007
-0.125;-0.125;-0.166;-0.144
-0.039;-0.176;-0.073;-0.098
-0.107;-0.12;-0.059;-0.103
-0.217;-0.159;-0.056;-0.193
-0.369;-0.232;-0.137;-0.149
0.044;-0.012;-0.232;-0.044
0.051;0.01;-0.193;0.017
-0.186;-0.164;-0.01;-0.029
-0.173;-0.188;0.012;0.029
-0.012;-0.251;-0.12;-0.027
-0.144;-0.071;-0.059;0.0
-0.183;0.066;-0.146;-0.085
-0.212;-0.054;-0.068;-0.098
-0.266;-0.027;-0.061;-0.11
-0.43;0.056;-0.022;-0.059
-0.259;-0.203;-0.088;-0.232
0.027;-0.254;-0.164;-0.112
-0.024;-0.139;-0.161;0.095
-0.073;-0.076;-0.137;0.042
-0.105;0.007;-0.103;-0.017
-0.127;-0.181;-0.078;-0.137
-0.054;-0.12;-0.054;-0.217
-0.073;-0.085;0.027;-0.137
0.105;-0.3;-0.032;-0.139
0.039;-0.298;-0.088;-0.237
-0.066;-0.232;-0.117;-0.32
-0.056;-0.095;-0.139;-0.249
0.032;-0.149;-0.002;-0.083
-0.007;-0.178;-0.134;-0.171
-0.029;-0.046;-0.105;-0.09
0.073;0.032;-0.127;-0.134
-0.044;-0.156;0.044;-0.146
-0.107;-0.254;-0.137;-0.127
-0.183;-0.073;-0.051;0.137
-0.237;0.1;-0.105;0.032
-0.51;-0.01;-0.007;-0.09
-0.261;0.005;-0.125;-0.056
-0.068;-0.037;-0.083;-0.061
-0.073;0.037;-0.095;-0.173
-0.195;-0.09;-0.178;-0.083
-0.051;-0.151;-0.076;-0.151
-0.088;-0.232;0.02;-0.173
-0.271;0.01;0.005;-0.085
-0.19;-0.105;-0.19;-0.088
-0.037;-0.271;-0.146;0.022
-0.098;-0.217;-0.181;-0.151
-0.173;-0.081;-0.137;-0.156
-0.039;-0.127;-0.129;-0.085
0.02;-0.078;-0.093;-0.027
-0.029;-0.042;-0.105;-0.1
-0.227;-0.054;-0.1;-0.125
-0.225;-0.105;-0.085;-0.112
-0.007;-0.22;-0.146;-0.139
0.027;-0.103;-0.11;-0.122
-0.11;0.015;-0.146;-0.12
-0.103;-0.049;-0.176;-0.059
0.0;-0.1;-0.12;-0.039
0.022;-0.076;-0.107;-0.161
-0.073;-0.066;-0.017;-0.176
-0.115;-0.166;-0.061;-0.088
-0.186;-0.181;-0.029;-0.012
-0.01;-0.149;-0.11;-0.251
-0.107;-0.134;-0.034;-0.181
-0.002;-0.181;-0.151;-0.322
-0.02;-0.371;-0.024;-0.09
-0.208;-0.261;-0.1;-0.188
-0.186;-0.21;-0.105;-0.193
-0.154;-0.171;-0.11;-0.225
-0.042;-0.146;-0.11;-0.056
-0.105;-0.024;-0.129;-0.017
0.007;-0.173;-0.144;-0.034
0.012;0.002;-0.002;-0.095
-0.039;0.098;-0.068;-0.227
-0.312;-0.049;-0.081;-0.176
-0.225;-0.098;-0.042;-0.276
-0.247;-0.017;-0.146;-0.12
-0.281;-0.063;-0.125;-0.063
-0.081;-0.127;-0.134;-0.068
-0.012;-0.061;-0.149;-0.083
-0.132;-0.063;-0.134;0.02
-0.117;0.015;-0.1;0.01
0.024;-0.083;-0.081;-0.049
-0.115;-0.247;-0.049;0.015
-0.178;-0.095;-0.007;-0.254
-0.022;-0.068;0.022;-0.254
0.056;-0.168;0.037;-0.281
-0.049;-0.237;-0.1;-0.176
-0.232;-0.09;-0.142;-0.144
-0.022;-0.146;-0.229;-0.054
-0.115;-0.134;-0.154;-0.029
-0.002;-0.286;-0.227;-0.093
-0.107;-0.12;-0.205;-0.073
-0.178;-0.107;-0.244;0.007
-0.168;-0.054;-0.127;-0.107
-0.044;-0.256;-0.073;-0.156
-0.056;-0.151;-0.071;-0.161
-0.259;-0.168;-0.161;-0.222
-0.137;0.007;-0.129;-0.22
-0.071;-0.083;-0.049;-0.049
-0.095;-0.159;-0.168;-0.271
-0.103;-0.171;0.002;-0.203
-0.22;-0.139;-0.122;-0.122
-0.173;-0.178;-0.173;0.022
-0.217;-0.332;-0.188;-0.078
-0.073;-0.168;-0.095;-0.137
-0.208;-0.159;0.037;-0.22
-0.059;-0.105;-0.039;-0.11
-0.02;-0.188;-0.12;-0.068
0.134;-0.173;-0.154;-0.132
0.081;-0.256;-0.039;-0.105
0.012;-0.2;-0.068;-0.217
-0.071;-0.078;-0.107;-0.088
-0.156;-0.117;-0.212;-0.212
-0.195;0.005;-0.132;-0.168
-0.2;-0.173;-0.173;-0.195
-0.081;-0.142;-0.125;-0.095
-0.203;-0.059;-0.078;-0.164
-0.159;0.015;-0.127;-0.242
-0.032;-0.073;-0.051;-0.078
-0.159;-0.073;-0.156;-0.19
-0.122;-0.042;-0.042;-0.166
0.073;0.012;-0.125;-0.244
0.061;-0.271;-0.01;-0.115
-0.049;-0.142;-0.085;-0.049
-0.085;-0.11;-0.127;-0.046
-0.059;-0.127;-0.11;-0.142
0.076;-0.237;-0.139;-0.203
-0.005;-0.19;-0.139;-0.173
-0.1;-0.042;-0.2;-0.049
-0.1;-0.173;-0.081;-0.09
-0.244;-0.203;-0.107;-0.066
-0.12;-0.178;-0.117;-0.054
-0.181;-0.039;-0.117;-0.032
-0.251;-0.132;-0.107;-0.032
-0.022;-0.071;-0.078;-0.12
0.022;-0.093;-0.11;-0.117
-0.129;-0.027;-0.061;-0.09
-0.154;0.037;-0.156;-0.222
-0.117;-0.078;-0.105;-0.249
-0.193;-0.059;-0.19;-0.308
-0.203;-0.061;-0.049;-0.117
-0.176;-0.105;-0.142;-0.005
-0.081;-0.132;-0.034;-0.076
-0.032;-0.161;0.005;-0.12
0.046;-0.159;-0.002;-0.168
-0.046;0.037;-0.022;-0.142
-0.142;0.056;-0.144;-0.173
-0.146;-0.015;-0.112;-0.232
0.017;-0.125;-0.168;-0.295
-0.044;-0.21;-0.178;-0.144
-0.037;-0.217;-0.186;-0.176
0.015;-0.149;-0.127;-0.054
-0.012;-0.144;-0.171;-0.042
-0.156;-0.122;-0.159;-0.002
-0.159;-0.042;-0.193;-0.039
-0.095;-0.066;-0.166;-0.068
-0.088;-0.117;-0.059;-0.129
-0.3;-0.068;-0.076;-0.239
-0.327;-0.002;-0.078;-0.381
-0.303;-0.171;-0.137;-0.291
-0.081;-0.288;-0.054;-0.193
-0.193;-0.134;-0.015;-0.076
-0.21;-0.012;-0.066;-0.034
-0.139;-0.103;-0.11;-0.176
-0.12;-0.173;-0.11;-0.024
-0.051;-0.237;-0.068;-0.002
-0.181;-0.076;-0.161;0.068
-0.198;-0.042;-0.159;-0.085
-0.168;0.093;-0.203;-0.09
-0.076;-0.024;-0.095;-0.059
-0.142;-0.293;-0.164;-0.002
-0.01;-0.229;-0.22;0.039
-0.034;-0.146;-0.173;-0.02
-0.09;-0.195;-0.024;-0.173
-0.146;-0.164;-0.056;-0.176
-0.244;-0.144;-0.137;-0.056
-0.303;-0.122;-0.073;0.039
-0.251;-0.186;-0.242;0.049
-0.156;-0.129;-0.134;-0.044
-0.247;-0.168;-0.178;-0.051
-0.171;0.012;-0.02;-0.032
-0.261;-0.208;-0.049;-0.042
-0.281;-0.186;-0.078;-0.127
-0.183;-0.093;-0.132;-0.154
-0.171;-0.117;-0.156;-0.215
0.022;-0.198;-0.042;-0.266
-0.09;-0.266;-0.012;-0.229
-0.042;-0.232;-0.061;-0.195
-0.071;-0.173;-0.166;-0.061
-0.027;-0.288;-0.088;-0.134
-0.049;-0.159;-0.11;-0.193
-0.044;-0.21;-0.12;-0.181
-0.061;-0.178;-0.186;-0.166
-0.054;-0.12;-0.225;-0.02
-0.01;0.024;-0.142;-0.095
-0.112;-0.049;-0.103;-0.166
-0.068;-0.083;-0.063;-0.176
-0.098;-0.029;-0.12;-0.127
-0.144;-0.146;-0.042;-0.161
-0.183;-0.078;-0.125;-0.137
-0.276;-0.139;-0.01;-0.015
-0.227;-0.073;-0.203;-0.017
-0.237;-0.044;-0.178;0.002
-0.181;-0.034;-0.173;-0.127
-0.178;-0.054;-0.073;-0.046
-0.11;-0.205;-0.046;-0.195
-0.132;-0.229;-0.088;-0.137
-0.146;-0.212;-0.129;-0.085
-0.122;-0.088;-0.154;-0.046
-0.061;-0.083;0.007;-0.159
0.007;-0.049;-0.029;-0.159
-0.012;-0.122;-0.088;-0.161
0.015;-0.073;-0.176;-0.112
-0.005;-0.056;-0.32;-0.049
0.046;-0.103;-0.144;-0.015
-0.056;-0.032;-0.181;-0.061
-0.11;-0.051;-0.11;-0.115
-0.112;-0.007;-0.168;0.017
-0.305;-0.005;-0.039;-0.012
-0.308;0.032;-0.127;-0.117
-0.273;-0.015;-0.034;-0.227
-0.22;-0.178;-0.081;-0.247
-0.117;-0.127;-0.049;-0.212
-0.217;-0.01;-0.105;-0.137
-0.229;-0.081;-0.203;-0.171
-0.166;-0.164;-0.176;-0.083
0.012;0.01;-0.198;-0.066
-0.068;-0.081;-0.063;-0.056
-0.088;-0.312;-0.1;-0.054
-0.095;-0.261;-0.159;-0.098
-0.054;-0.181;-0.234;-0.195
-0.195;-0.081;-0.103;-0.149
-0.134;-0.042;-0.151;-0.261
-0.1;-0.061;-0.112;-0.112
0.024;-0.132;-0.115;-0.161
0.056;-0.146;-0.144;-0.12
-0.093;-0.112;-0.12;-0.222
-0.134;0.022;-0.117;-0.034
-0.181;-0.034;-0.127;-0.012
-0.212;-0.037;-0.195;0.002
-0.317;-0.176;-0.186;-0.039
-0.349;-0.005;-0.203;-0.168
-0.103;-0.137;-0.139;-0.205
-0.105;-0.132;-0.127;-0.002
-0.093;-0.088;-0.149;-0.117
-0.117;-0.068;-0.007;-0.266
-0.049;-0.164;-0.105;-0.12
-0.063;-0.027;-0.024;-0.132
-0.059;-0.149;-0.105;-0.166
-0.059;-0.059;-0.12;-0.156
0.012;-0.173;-0.144;-0.146
-0.176;-0.229;-0.103;-0.122
-0.093;-0.225;-0.171;0.0
-0.078;-0.212;-0.266;-0.002
-0.122;-0.173;-0.254;-0.051
-0.139;-0.1;-0.112;-0.081
-0.168;-0.085;-0.002;-0.183
-0.151;-0.083;-0.181;-0.19
-0.166;-0.088;-0.261;-0.125
-0.21;-0.078;-0.234;-0.1
-0.144;-0.227;-0.115;-0.173
-0.164;-0.134;0.0;-0.186
-0.205;-0.002;-0.059;-0.112
-0.239;-0.046;-0.193;-0.071
-0.09;-0.168;-0.176;0.034
-0.029;-0.205;-0.076;-0.054
0.12;-0.129;-0.081;-0.229
0.093;-0.195;-0.037;-0.249
0.017;-0.242;-0.112;-0.049
-0.156;0.005;-0.195;-0.044
-0.251;-0.2;-0.2;-0.054
0.017;-0.322;-0.105;-0.208
0.068;-0.283;-0.029;-0.261
-0.02;-0.168;-0.125;-0.259
-0.127;-0.095;-0.129;-0.132
-0.078;0.017;-0.273;-0.022
-0.247;-0.015;-0.183;-0.105
-0.22;0.112;-0.181;-0.066
-0.222;-0.081;-0.149;-0.2
-0.183;-0.125;-0.137;-0.149
-0.234;-0.088;-0.129;-0.134
-0.359;-0.093;-0.195;-0.015
-0.2;-0.093;-0.137;-0.139
-0.076;-0.159;-0.042;-0.081
-0.127;-0.151;-0.137;-0.178
-0.173;-0.049;-0.071;-0.227
-0.078;-0.112;-0.11;-0.19
-0.127;-0.291;-0.178;-0.171
-0.046;-0.371;-0.171;-0.042
0.022;-0.171;-0.081;-0.061
-0.039;-0.164;-0.088;0.024
0.0;-0.225;-0.095;-0.02
-0.122;0.005;-0.146;0.005
-0.239;-0.129;-0.081;-0.127
-0.193;-0.044;-0.09;-0.046
-0.227;0.007;-0.132;-0.146
-0.181;0.034;-0.066;-0.205
-0.166;-0.002;-0.186;-0.142
-0.195;0.039;-0.195;-0.107
-0.298;-0.012;-0.137;0.012
-0.176;0.039;-0.103;-0.061
-0.159;-0.222;-0.068;-0.127
-0.193;-0.042;-0.034;0.017
-0.222;-0.01;-0.024;0.076
-0.125;-0.134;-0.066;0.068
0.015;-0.178;-0.054;-0.02
0.103;-0.278;-0.117;-0.222
0.054;-0.249;-0.002;-0.088
-0.068;-0.222;-0.266;-0.029
-0.186;-0.117;-0.183;-0.154
-0.095;-0.171;-0.215;-0.149
0.007;-0.251;-0.12;-0.21
0.0;-0.173;-0.125;-0.12
-0.02;-0.078;-0.225;-0.066
-0.19;0.032;-0.244;-0.1
-0.127;-0.017;-0.256;-0.154
-0.112;-0.049;-0.117;-0.127
-0.339;-0.037;-0.093;-0.125
-0.347;-0.159;-0.168;-0.105
-0.264;-0.22;-0.259;-0.044
-0.161;-0.122;-0.115;-0.132
-0.122;-0.076;-0.029;-0.212
-0.024;-0.046;0.056;-0.1
-0.015;-0.117;-0.037;-0.112
0.007;-0.132;-0.159;-0.068
0.085;-0.217;-0.173;-0.088
0.024;-0.225;-0.149;-0.117
0.01;-0.183;-0.095;-0.059
-0.042;-0.178;-0.21;-0.161
0.046;-0.227;-0.11;-0.19
0.0;-0.156;-0.105;-0.073
-0.081;-0.032;-0.132;-0.186
-0.105;-0.02;-0.208;-0.081
0.027;-0.176;-0.242;0.022
0.056;-0.11;-0.164;-0.2
-0.144;-0.059;-0.103;-0.125
-0.156;-0.046;-0.208;-0.142
-0.264;-0.225;-0.212;-0.1
-0.261;-0.173;-0.144;-0.1
-0.269;0.105;-0.068;-0.061
-0.247;0.083;-0.068;-0.186
-0.225;-0.078;-0.071;-0.11
-0.103;-0.063;-0.122;-0.127
-0.178;-0.061;-0.149;-0.015
-0.264;-0.161;-0.095;-0.085
-0.193;-0.225;-0.005;-0.195
-0.051;-0.242;0.017;-0.132
-0.007;-0.234;-0.139;-0.142
-0.051;-0.198;-0.137;-0.105
-0.068;-0.122;-0.095;-0.137
-0.115;-0.081;-0.112;-0.149
-0.015;-0.234;-0.21;-0.103
-0.056;-0.168;-0.237;-0.005
-0.154;-0.085;-0.19;-0.085
-0.159;-0.081;-0.068;0.01
-0.146;-0.049;-0.122;-0.02
-0.085;-0.049;-0.132;-0.068
-0.115;-0.151;-0.159;-0.056
-0.166;-0.103;-0.063;-0.073
-0.242;-0.12;-0.046;-0.125
-0.208;-0.149;-0.071;-0.156
-0.217;-0.005;-0.12;-0.095
-0.186;-0.029;-0.193;-0.107
-0.242;-0.061;-0.085;-0.071
-0.137;-0.088;-0.056;-0.159
-0.088;-0.127;-0.063;-0.061
0.11;-0.049;-0.076;-0.093
0.032;-0.034;-0.005;-0.061
-0.137;-0.176;0.029;-0.051
-0.151;0.068;-0.029;-0.066
-0.115;-0.2;-0.095;-0.115
-0.046;-0.232;-0.164;-0.161
0.063;-0.281;-0.164;-0.095
-0.085;0.007;-0.229;-0.193
-0.305;-0.234;-0.149;0.002
-0.31;0.012;-0.254;0.046
-0.151;-0.073;-0.164;-0.051
-0.122;-0.095;-0.156;0.01
-0.127;0.02;-0.107;-0.024
-0.164;0.042;-0.063;-0.105
-0.22;-0.188;-0.037;-0.029
-0.217;-0.354;-0.186;-0.11
-0.149;-0.042;-0.103;-0.225
-0.278;-0.012;-0.059;-0.166
-0.271;0.054;-0.083;-0.181
-0.051;-0.105;-0.095;-0.146
0.259;-0.435;-0.078;-0.117
0.132;-0.381;-0.073;-0.251
-0.081;-0.076;0.02;0.061
-0.115;-0.078;-0.032;-0.132
0.002;-0.156;-0.164;-0.242
0.034;-0.156;-0.2;-0.208
-0.034;-0.037;-0.195;-0.039
-0.022;-0.076;-0.183;-0.105
0.005;-0.122;-0.078;-0.015
0.022;-0.071;-0.127;-0.22
-0.122;-0.081;0.007;-0.156
-0.161;-0.085;-0.132;-0.068
-0.139;-0.046;-0.112;0.015
-0.181;-0.032;-0.129;-0.112
